Charles Leclerc
0.01023,0,0,3505,90
0.01023,1,0,4305,90
0.01023,2,0,3505,90
0.01023,3,0,3805,90
0.01023,4,0,4305,90
0.01023,5,0,3805,90
0.01023,6,0,4305,90
0.01023,7,0,3805,90
0.01023,8,0,4305,90
0.01023,9,0,4305,90
0.01023,10,0,3505,90
0.01023,11,0,4305,90
0.01023,12,0,4305,90
0.01023,13,0,4305,90
0.01023,14,0,4305,90
0.01023,15,0,4305,90
0.01023,16,0,3505,90
0.01023,17,0,4305,90
0.01023,18,0,3805,90
0.01023,19,0,4305,88
0.02042,0,0,3507,90
0.02042,1,0,4307,90
0.02042,2,0,3507,90
0.02042,3,0,3807,90
0.02042,4,0,4307,90
0.02042,5,0,3807,90
0.02042,6,0,4307,90
0.02042,7,0,3807,90
0.02042,8,0,4307,90
0.02042,9,0,4307,90
0.02042,10,0,3507,90
0.02042,11,0,4307,90
0.02042,12,0,4307,90
0.02042,13,0,4307,90
0.02042,14,0,4307,90
0.02042,15,0,4307,90
0.02042,16,0,3507,90
0.02042,17,0,4307,90
0.02042,18,0,3807,90
0.02042,19,0,4307,88
0.07156,0,0,3515,90
0.07156,1,0,4315,90
0.07156,2,0,3515,90
0.07156,3,0,3815,90
0.07156,4,0,4315,90
0.07156,5,0,3815,90
0.07156,6,0,4315,90
0.07156,7,0,3815,90
0.07156,8,0,4315,90
0.07156,9,0,4315,90
0.07156,10,0,3515,90
0.07156,11,0,4315,90
0.07156,12,0,4315,90
0.07156,13,0,4315,90
0.07156,14,0,4315,90
0.07156,15,0,4315,90
0.07156,16,0,3515,90
0.07156,17,0,4315,90
0.07156,18,0,3815,90
0.07156,19,0,4315,88
0.12337,0,0,3518,90
0.12337,1,0,4318,90
0.12337,2,0,3518,90
0.12337,3,0,3818,90
0.12337,4,0,4318,90
0.12337,5,0,3818,90
0.12337,6,0,4318,90
0.12337,7,0,3818,90
0.12337,8,0,4318,90
0.12337,9,0,4318,90
0.12337,10,0,3518,90
0.12337,11,0,4318,90
0.12337,12,0,4318,90
0.12337,13,0,4318,90
0.12337,14,0,4318,90
0.12337,15,0,4318,90
0.12337,16,0,3518,90
0.12337,17,0,4318,90
0.12337,18,0,3818,90
0.12337,19,0,4318,88
0.17504,0,0,3517,90
0.17504,1,0,4317,90
0.17504,2,0,3517,90
0.17504,3,0,3817,90
0.17504,4,0,4317,90
0.17504,5,0,3817,90
0.17504,6,0,4317,90
0.17504,7,0,3817,90
0.17504,8,0,4317,90
0.17504,9,0,4317,90
0.17504,10,0,3517,90
0.17504,11,0,4317,90
0.17504,12,0,4317,90
0.17504,13,0,4317,90
0.17504,14,0,4317,90
0.17504,15,0,4317,90
0.17504,16,0,3517,90
0.17504,17,0,4317,90
0.17504,18,0,3817,90
0.17504,19,0,4317,88
0.22623,0,0,3511,90
0.22623,1,0,4311,90
0.22623,2,0,3511,90
0.22623,3,0,3811,90
0.22623,4,0,4311,90
0.22623,5,0,3811,90
0.22623,6,0,4311,90
0.22623,7,0,3811,90
0.22623,8,0,4311,90
0.22623,9,0,4311,90
0.22623,10,0,3511,90
0.22623,11,0,4311,90
0.22623,12,0,4311,90
0.22623,13,0,4311,90
0.22623,14,0,4311,90
0.22623,15,0,4311,90
0.22623,16,0,3511,90
0.22623,17,0,4311,90
0.22623,18,0,3811,90
0.22623,19,0,4311,88
0.27752,0,0,3503,90
0.27752,1,0,4303,90
0.27752,2,0,3503,90
0.27752,3,0,3803,90
0.27752,4,0,4303,90
0.27752,5,0,3803,90
0.27752,6,0,4303,90
0.27752,7,0,3803,90
0.27752,8,0,4303,90
0.27752,9,0,4303,90
0.27752,10,0,3503,90
0.27752,11,0,4303,90
0.27752,12,0,4303,90
0.27752,13,0,4303,90
0.27752,14,0,4303,90
0.27752,15,0,4303,90
0.27752,16,0,3503,90
0.27752,17,0,4303,90
0.27752,18,0,3803,90
0.27752,19,0,4303,88
0.32879,0,0,3493,90
0.32879,1,0,4293,90
0.32879,2,0,3493,90
0.32879,3,0,3793,90
0.32879,4,0,4293,90
0.32879,5,0,3793,90
0.32879,6,0,4293,90
0.32879,7,0,3793,90
0.32879,8,0,4293,90
0.32879,9,0,4293,90
0.32879,10,0,3493,90
0.32879,11,0,4293,90
0.32879,12,0,4293,90
0.32879,13,0,4293,90
0.32879,14,0,4293,90
0.32879,15,0,4293,90
0.32879,16,0,3493,90
0.32879,17,0,4293,90
0.32879,18,0,3793,90
0.32879,19,0,4293,88
0.38032,0,0,3485,90
0.38032,1,0,4285,90
0.38032,2,0,3485,90
0.38032,3,0,3785,90
0.38032,4,0,4285,90
0.38032,5,0,3785,90
0.38032,6,0,4285,90
0.38032,7,0,3785,90
0.38032,8,0,4285,90
0.38032,9,0,4285,90
0.38032,10,0,3485,90
0.38032,11,0,4285,90
0.38032,12,0,4285,90
0.38032,13,0,4285,90
0.38032,14,0,4285,90
0.38032,15,0,4285,90
0.38032,16,0,3485,90
0.38032,17,0,4285,90
0.38032,18,0,3785,90
0.38032,19,0,4285,88
0.43201,0,0,3481,90
0.43201,1,0,4281,90
0.43201,2,0,3481,90
0.43201,3,0,3781,90
0.43201,4,0,4281,90
0.43201,5,0,3781,90
0.43201,6,0,4281,90
0.43201,7,0,3781,90
0.43201,8,0,4281,90
0.43201,9,0,4281,90
0.43201,10,0,3481,90
0.43201,11,0,4281,90
0.43201,12,0,4281,90
0.43201,13,0,4281,90
0.43201,14,0,4281,90
0.43201,15,0,4281,90
0.43201,16,0,3481,90
0.43201,17,0,4281,90
0.43201,18,0,3781,90
0.43201,19,0,4281,88
0.48416,0,0,3481,90
0.48416,1,0,4281,90
0.48416,2,0,3481,90
0.48416,3,0,3781,90
0.48416,4,0,4281,90
0.48416,5,0,3781,90
0.48416,6,0,4281,90
0.48416,7,0,3781,90
0.48416,8,0,4281,90
0.48416,9,0,4281,90
0.48416,10,0,3481,90
0.48416,11,0,4281,90
0.48416,12,0,4281,90
0.48416,13,0,4281,90
0.48416,14,0,4281,90
0.48416,15,0,4281,90
0.48416,16,0,3481,90
0.48416,17,0,4281,90
0.48416,18,0,3781,90
0.48416,19,0,4281,88
0.53549,0,0,3487,90
0.53549,1,0,4287,90
0.53549,2,0,3487,90
0.53549,3,0,3787,90
0.53549,4,0,4287,90
0.53549,5,0,3787,90
0.53549,6,0,4287,90
0.53549,7,0,3787,90
0.53549,8,0,4287,90
0.53549,9,0,4287,90
0.53549,10,0,3487,90
0.53549,11,0,4287,90
0.53549,12,0,4287,90
0.53549,13,0,4287,90
0.53549,14,0,4287,90
0.53549,15,0,4287,90
0.53549,16,0,3487,90
0.53549,17,0,4287,90
0.53549,18,0,3787,90
0.53549,19,0,4287,88
0.58663,0,0,3495,90
0.58663,1,0,4295,90
0.58663,2,0,3495,90
0.58663,3,0,3795,90
0.58663,4,0,4295,90
0.58663,5,0,3795,90
0.58663,6,0,4295,90
0.58663,7,0,3795,90
0.58663,8,0,4295,90
0.58663,9,0,4295,90
0.58663,10,0,3495,90
0.58663,11,0,4295,90
0.58663,12,0,4295,90
0.58663,13,0,4295,90
0.58663,14,0,4295,90
0.58663,15,0,4295,90
0.58663,16,0,3495,90
0.58663,17,0,4295,90
0.58663,18,0,3795,90
0.58663,19,0,4295,88
0.638,0,0,3505,90
0.638,1,0,4305,90
0.638,2,0,3505,90
0.638,3,0,3805,90
0.638,4,0,4305,90
0.638,5,0,3805,90
0.638,6,0,4305,90
0.638,7,0,3805,90
0.638,8,0,4305,90
0.638,9,0,4305,90
0.638,10,0,3505,90
0.638,11,0,4305,90
0.638,12,0,4305,90
0.638,13,0,4305,90
0.638,14,0,4305,90
0.638,15,0,4305,90
0.638,16,0,3505,90
0.638,17,0,4305,90
0.638,18,0,3805,90
0.638,19,0,4305,88
0.68947,0,0,3513,90
0.68947,1,0,4313,90
0.68947,2,0,3513,90
0.68947,3,0,3813,90
0.68947,4,0,4313,90
0.68947,5,0,3813,90
0.68947,6,0,4313,90
0.68947,7,0,3813,90
0.68947,8,0,4313,90
0.68947,9,0,4313,90
0.68947,10,0,3513,90
0.68947,11,0,4313,90
0.68947,12,0,4313,90
0.68947,13,0,4313,90
0.68947,14,0,4313,90
0.68947,15,0,4313,90
0.68947,16,0,3513,90
0.68947,17,0,4313,90
0.68947,18,0,3813,90
0.68947,19,0,4313,88
0.74103,0,0,3518,90
0.74103,1,0,4318,90
0.74103,2,0,3518,90
0.74103,3,0,3818,90
0.74103,4,0,4318,90
0.74103,5,0,3818,90
0.74103,6,0,4318,90
0.74103,7,0,3818,90
0.74103,8,0,4318,90
0.74103,9,0,4318,90
0.74103,10,0,3518,90
0.74103,11,0,4318,90
0.74103,12,0,4318,90
0.74103,13,0,4318,90
0.74103,14,0,4318,90
0.74103,15,0,4318,90
0.74103,16,0,3518,90
0.74103,17,0,4318,90
0.74103,18,0,3818,90
0.74103,19,0,4318,88
0.7927,0,0,3518,90
0.7927,1,0,4318,90
0.7927,2,0,3518,90
0.7927,3,0,3818,90
0.7927,4,0,4318,90
0.7927,5,0,3818,90
0.7927,6,0,4318,90
0.7927,7,0,3818,90
0.7927,8,0,4318,90
0.7927,9,0,4318,90
0.7927,10,0,3518,90
0.7927,11,0,4318,90
0.7927,12,0,4318,90
0.7927,13,0,4318,90
0.7927,14,0,4318,90
0.7927,15,0,4318,90
0.7927,16,0,3518,90
0.7927,17,0,4318,90
0.7927,18,0,3818,90
0.7927,19,0,4318,88
0.84457,0,0,3513,90
0.84457,1,0,4313,90
0.84457,2,0,3513,90
0.84457,3,0,3813,90
0.84457,4,0,4313,90
0.84457,5,0,3813,90
0.84457,6,0,4313,90
0.84457,7,0,3813,90
0.84457,8,0,4313,90
0.84457,9,0,4313,90
0.84457,10,0,3513,90
0.84457,11,0,4313,90
0.84457,12,0,4313,90
0.84457,13,0,4313,90
0.84457,14,0,4313,90
0.84457,15,0,4313,90
0.84457,16,0,3513,90
0.84457,17,0,4313,90
0.84457,18,0,3813,90
0.84457,19,0,4313,88
0.89565,0,0,3504,90
0.89565,1,0,4304,90
0.89565,2,0,3504,90
0.89565,3,0,3804,90
0.89565,4,0,4304,90
0.89565,5,0,3804,90
0.89565,6,0,4304,90
0.89565,7,0,3804,90
0.89565,8,0,4304,90
0.89565,9,0,4304,90
0.89565,10,0,3504,90
0.89565,11,0,4304,90
0.89565,12,0,4304,90
0.89565,13,0,4304,90
0.89565,14,0,4304,90
0.89565,15,0,4304,90
0.89565,16,0,3504,90
0.89565,17,0,4304,90
0.89565,18,0,3804,90
0.89565,19,0,4304,88
0.94625,0,0,3495,90
0.94625,1,0,4295,90
0.94625,2,0,3495,90
0.94625,3,0,3795,90
0.94625,4,0,4295,90
0.94625,5,0,3795,90
0.94625,6,0,4295,90
0.94625,7,0,3795,90
0.94625,8,0,4295,90
0.94625,9,0,4295,90
0.94625,10,0,3495,90
0.94625,11,0,4295,90
0.94625,12,0,4295,90
0.94625,13,0,4295,90
0.94625,14,0,4295,90
0.94625,15,0,4295,90
0.94625,16,0,3495,90
0.94625,17,0,4295,90
0.94625,18,0,3795,90
0.94625,19,0,4713,88
0.99734,0,0,3486,90
0.99734,1,0,4286,90
0.99734,2,0,3486,90
0.99734,3,0,3786,90
0.99734,4,0,4286,90
0.99734,5,0,3786,90
0.99734,6,0,4286,90
0.99734,7,0,3786,90
0.99734,8,0,4286,90
0.99734,9,0,4286,90
0.99734,10,0,3486,90
0.99734,11,0,4286,90
0.99734,12,0,4286,90
0.99734,13,0,4286,90
0.99734,14,0,4286,90
0.99734,15,0,4286,90
0.99734,16,0,3486,90
0.99734,17,0,4286,90
0.99734,18,0,3786,90
0.99734,19,0,6633,88
1.04866,0,0,3481,90
1.04866,1,0,4281,90
1.04866,2,0,3481,90
1.04866,3,0,3781,90
1.04866,4,0,4281,90
1.04866,5,0,3781,90
1.04866,6,0,4281,90
1.04866,7,0,3781,90
1.04866,8,0,4281,90
1.04866,9,0,4281,90
1.04866,10,0,3481,90
1.04866,11,0,4281,90
1.04866,12,0,4281,90
1.04866,13,0,4281,90
1.04866,14,0,4281,90
1.04866,15,0,4281,90
1.04866,16,0,3481,90
1.04866,17,0,4281,90
1.04866,18,0,3781,90
1.04866,19,0,9080,88
1.10014,0,0,3481,90
1.10014,1,0,4281,90
1.10014,2,0,3481,90
1.10014,3,0,3781,90
1.10014,4,0,4281,90
1.10014,5,0,3781,90
1.10014,6,0,4281,90
1.10014,7,0,3781,90
1.10014,8,0,4281,90
1.10014,9,0,4281,90
1.10014,10,0,3481,90
1.10014,11,0,4281,90
1.10014,12,0,4281,90
1.10014,13,0,4281,90
1.10014,14,0,4281,90
1.10014,15,0,4281,90
1.10014,16,0,3481,90
1.10014,17,0,4281,90
1.10014,18,0,3781,90
1.10014,19,0,9530,88
1.15155,0,0,3485,90
1.15155,1,0,4285,90
1.15155,2,0,3485,90
1.15155,3,0,3785,90
1.15155,4,0,4285,90
1.15155,5,0,3785,90
1.15155,6,0,4285,90
1.15155,7,0,3785,90
1.15155,8,0,4285,90
1.15155,9,0,4285,90
1.15155,10,0,3485,90
1.15155,11,0,4285,90
1.15155,12,0,4285,90
1.15155,13,0,4285,90
1.15155,14,0,4285,90
1.15155,15,0,4285,90
1.15155,16,0,3485,90
1.15155,17,0,4285,90
1.15155,18,0,3785,90
1.15155,19,0,9184,88
1.20374,0,0,3493,90
1.20374,1,0,4293,90
1.20374,2,0,3493,90
1.20374,3,0,3793,90
1.20374,4,0,4293,90
1.20374,5,0,3793,90
1.20374,6,0,4293,90
1.20374,7,0,3793,90
1.20374,8,0,4293,90
1.20374,9,0,4293,90
1.20374,10,0,3493,90
1.20374,11,0,4293,90
1.20374,12,0,4293,90
1.20374,13,0,4293,90
1.20374,14,0,4293,90
1.20374,15,0,4293,90
1.20374,16,0,3493,90
1.20374,17,0,4293,90
1.20374,18,0,3793,90
1.20374,19,0,8832,88
1.2555,0,0,3503,90
1.2555,1,0,4303,90
1.2555,2,0,3503,90
1.2555,3,0,3803,90
1.2555,4,0,4303,90
1.2555,5,0,3803,90
1.2555,6,0,4303,90
1.2555,7,0,3803,90
1.2555,8,0,4303,90
1.2555,9,0,4303,90
1.2555,10,0,3503,90
1.2555,11,0,4303,90
1.2555,12,0,4303,90
1.2555,13,0,4303,90
1.2555,14,0,4303,90
1.2555,15,0,4303,90
1.2555,16,0,3503,90
1.2555,17,0,4303,90
1.2555,18,0,3803,90
1.2555,19,0,8483,88
1.30778,0,0,3512,90
1.30778,1,0,4312,90
1.30778,2,0,3512,90
1.30778,3,0,3812,90
1.30778,4,0,4312,90
1.30778,5,0,3812,90
1.30778,6,0,4312,90
1.30778,7,0,3812,90
1.30778,8,0,4312,90
1.30778,9,0,4312,90
1.30778,10,0,3512,90
1.30778,11,0,4312,90
1.30778,12,0,4312,90
1.30778,13,0,4312,90
1.30778,14,0,4312,90
1.30778,15,0,4312,90
1.30778,16,0,3512,90
1.30778,17,0,4312,90
1.30778,18,0,3812,90
1.30778,19,0,8131,88
1.35867,0,0,3517,90
1.35867,1,0,4317,90
1.35867,2,0,3517,90
1.35867,3,0,3817,90
1.35867,4,0,4317,90
1.35867,5,0,3817,90
1.35867,6,0,4317,90
1.35867,7,0,3817,90
1.35867,8,0,4317,90
1.35867,9,0,4317,90
1.35867,10,0,3517,90
1.35867,11,0,4317,90
1.35867,12,0,4317,90
1.35867,13,0,4317,90
1.35867,14,0,4317,90
1.35867,15,0,4317,90
1.35867,16,0,3517,90
1.35867,17,0,4317,90
1.35867,18,0,3817,90
1.35867,19,0,7788,88
1.41021,0,0,3518,90
1.41021,1,0,4318,90
1.41021,2,0,3518,90
1.41021,3,0,3818,90
1.41021,4,0,4318,90
1.41021,5,0,3818,90
1.41021,6,0,4318,90
1.41021,7,0,3818,90
1.41021,8,0,4318,90
1.41021,9,0,4318,90
1.41021,10,0,3518,90
1.41021,11,0,4318,90
1.41021,12,0,4318,90
1.41021,13,0,4318,90
1.41021,14,0,4318,90
1.41021,15,0,4318,90
1.41021,16,0,3518,90
1.41021,17,0,4318,90
1.41021,18,0,3818,90
1.41021,19,0,7441,88
1.46168,0,0,3514,90
1.46168,1,0,4314,90
1.46168,2,0,3514,90
1.46168,3,0,3814,90
1.46168,4,0,4314,90
1.46168,5,0,3814,90
1.46168,6,0,4314,90
1.46168,7,0,3814,90
1.46168,8,0,4314,90
1.46168,9,0,4314,90
1.46168,10,0,3514,90
1.46168,11,0,4314,90
1.46168,12,0,4314,90
1.46168,13,0,4314,90
1.46168,14,0,4314,90
1.46168,15,0,4314,90
1.46168,16,0,3514,90
1.46168,17,0,4314,90
1.46168,18,0,3814,90
1.46168,19,0,7095,88
1.51369,0,0,3506,90
1.51369,1,0,4306,90
1.51369,2,0,3506,90
1.51369,3,0,3806,90
1.51369,4,0,4306,90
1.51369,5,0,3806,90
1.51369,6,0,4306,90
1.51369,7,0,3806,90
1.51369,8,0,4306,90
1.51369,9,0,4306,90
1.51369,10,0,3506,90
1.51369,11,0,4306,90
1.51369,12,0,4306,90
1.51369,13,0,4306,90
1.51369,14,0,4306,90
1.51369,15,0,4306,90
1.51369,16,0,3506,90
1.51369,17,0,4306,90
1.51369,18,0,3806,90
1.51369,19,0,6745,88
1.56549,0,0,3497,90
1.56549,1,0,4297,90
1.56549,2,0,3497,90
1.56549,3,0,3797,90
1.56549,4,0,4297,90
1.56549,5,0,3797,90
1.56549,6,0,4297,90
1.56549,7,0,3797,90
1.56549,8,0,4297,90
1.56549,9,0,4297,90
1.56549,10,0,3497,90
1.56549,11,0,4297,90
1.56549,12,0,4297,90
1.56549,13,0,4297,90
1.56549,14,0,4297,90
1.56549,15,0,4297,90
1.56549,16,0,3497,90
1.56549,17,0,4297,90
1.56549,18,0,3797,90
1.56549,19,0,6396,88
1.61643,0,0,3488,90
1.61643,1,0,4288,90
1.61643,2,0,3488,90
1.61643,3,0,3788,90
1.61643,4,0,4288,90
1.61643,5,0,3788,90
1.61643,6,0,4288,90
1.61643,7,0,3788,90
1.61643,8,0,4288,90
1.61643,9,0,4288,90
1.61643,10,0,3488,90
1.61643,11,0,4288,90
1.61643,12,0,4288,90
1.61643,13,0,4288,90
1.61643,14,0,4288,90
1.61643,15,0,4288,90
1.61643,16,0,3488,90
1.61643,17,0,4288,90
1.61643,18,0,3788,90
1.61643,19,0,6054,88
1.6678,0,0,3482,90
1.6678,1,0,4282,90
1.6678,2,0,3482,90
1.6678,3,0,3782,90
1.6678,4,0,4282,90
1.6678,5,0,3782,90
1.6678,6,0,4282,90
1.6678,7,0,3782,90
1.6678,8,0,4282,90
1.6678,9,0,4282,90
1.6678,10,0,3482,90
1.6678,11,0,4282,90
1.6678,12,0,4282,90
1.6678,13,0,4282,90
1.6678,14,0,4282,90
1.6678,15,0,4282,90
1.6678,16,0,3482,90
1.6678,17,0,4282,90
1.6678,18,0,3782,90
1.6678,19,0,5712,88
1.71928,0,0,3481,90
1.71928,1,0,4281,90
1.71928,2,0,3481,90
1.71928,3,0,3781,90
1.71928,4,0,4281,90
1.71928,5,0,3781,90
1.71928,6,0,4281,90
1.71928,7,0,3781,90
1.71928,8,0,4281,90
1.71928,9,0,4281,90
1.71928,10,0,3481,90
1.71928,11,0,4281,90
1.71928,12,0,4281,90
1.71928,13,0,4281,90
1.71928,14,0,4281,90
1.71928,15,0,4281,90
1.71928,16,0,3481,90
1.71928,17,0,4281,90
1.71928,18,0,3781,90
1.71928,19,0,5376,88
1.77107,0,0,3484,90
1.77107,1,0,4284,90
1.77107,2,0,3484,90
1.77107,3,0,3784,90
1.77107,4,0,4284,90
1.77107,5,0,3784,90
1.77107,6,0,4284,90
1.77107,7,0,3784,90
1.77107,8,0,4284,90
1.77107,9,0,4284,90
1.77107,10,0,3484,90
1.77107,11,0,4284,90
1.77107,12,0,4284,90
1.77107,13,0,4284,90
1.77107,14,0,4284,90
1.77107,15,0,4284,90
1.77107,16,0,3484,90
1.77107,17,0,4284,90
1.77107,18,0,3784,90
1.77107,19,0,5046,88
1.82316,0,0,3492,90
1.82316,1,0,4292,90
1.82316,2,0,3492,90
1.82316,3,0,3792,90
1.82316,4,0,4292,90
1.82316,5,0,3792,90
1.82316,6,0,4292,90
1.82316,7,0,3792,90
1.82316,8,0,4292,90
1.82316,9,0,4292,90
1.82316,10,0,3492,90
1.82316,11,0,4292,90
1.82316,12,0,4292,90
1.82316,13,0,4292,90
1.82316,14,0,4292,90
1.82316,15,0,4292,90
1.82316,16,0,3492,90
1.82316,17,0,4292,90
1.82316,18,0,3792,90
1.82316,19,0,4724,88
1.87531,0,0,3502,90
1.87531,1,0,4302,90
1.87531,2,0,3502,90
1.87531,3,0,3802,90
1.87531,4,0,4302,90
1.87531,5,0,3802,90
1.87531,6,0,4302,90
1.87531,7,0,3802,90
1.87531,8,0,4302,90
1.87531,9,0,4302,90
1.87531,10,0,3502,90
1.87531,11,0,4302,90
1.87531,12,0,4302,90
1.87531,13,0,4302,90
1.87531,14,0,4302,90
1.87531,15,0,4302,90
1.87531,16,0,3502,90
1.87531,17,0,4302,90
1.87531,18,0,3802,90
1.87531,19,0,4418,88
1.92653,0,0,3511,90
1.92653,1,0,4311,90
1.92653,2,0,3511,90
1.92653,3,0,3811,90
1.92653,4,0,4311,90
1.92653,5,0,3811,90
1.92653,6,0,4311,90
1.92653,7,0,3811,90
1.92653,8,0,4311,90
1.92653,9,0,4311,90
1.92653,10,0,3511,90
1.92653,11,0,4311,90
1.92653,12,0,4311,90
1.92653,13,0,4311,90
1.92653,14,0,4311,90
1.92653,15,0,4311,90
1.92653,16,0,3511,90
1.92653,17,0,4311,90
1.92653,18,0,3811,90
1.92653,19,0,4318,88
1.97791,0,0,3517,90
1.97791,1,0,4317,90
1.97791,2,0,3517,90
1.97791,3,0,3817,90
1.97791,4,0,4317,90
1.97791,5,0,3817,90
1.97791,6,0,4317,90
1.97791,7,0,3817,90
1.97791,8,0,4317,90
1.97791,9,0,4317,90
1.97791,10,0,3517,90
1.97791,11,0,4317,90
1.97791,12,0,4317,90
1.97791,13,0,4317,90
1.97791,14,0,4317,90
1.97791,15,0,4317,90
1.97791,16,0,3517,90
1.97791,17,0,4317,90
1.97791,18,0,3817,90
1.97791,19,0,4313,88
2.0295,0,0,3519,90
2.0295,1,0,4319,90
2.0295,2,0,3519,90
2.0295,3,0,3819,90
2.0295,4,0,4319,90
2.0295,5,0,3819,90
2.0295,6,0,4319,90
2.0295,7,0,3819,90
2.0295,8,0,4319,90
2.0295,9,0,4319,90
2.0295,10,0,3519,90
2.0295,11,0,4319,90
2.0295,12,0,4319,90
2.0295,13,0,4319,90
2.0295,14,0,4319,90
2.0295,15,0,4319,90
2.0295,16,0,3519,90
2.0295,17,0,4319,90
2.0295,18,0,3819,90
2.0295,19,0,4304,88
2.08111,0,0,3515,90
2.08111,1,0,4315,90
2.08111,2,0,3515,90
2.08111,3,0,3815,90
2.08111,4,0,4315,90
2.08111,5,0,3815,90
2.08111,6,0,4315,90
2.08111,7,0,3815,90
2.08111,8,0,4315,90
2.08111,9,0,4315,90
2.08111,10,0,3515,90
2.08111,11,0,4315,90
2.08111,12,0,4315,90
2.08111,13,0,4315,90
2.08111,14,0,4315,90
2.08111,15,0,4315,90
2.08111,16,0,3515,90
2.08111,17,0,4315,90
2.08111,18,0,3815,90
2.08111,19,0,4294,88
2.13296,0,0,3508,90
2.13296,1,0,4308,90
2.13296,2,0,3508,90
2.13296,3,0,3808,90
2.13296,4,0,4308,90
2.13296,5,0,3808,90
2.13296,6,0,4308,90
2.13296,7,0,3808,90
2.13296,8,0,4308,90
2.13296,9,0,4308,90
2.13296,10,0,3508,90
2.13296,11,0,4308,90
2.13296,12,0,4308,90
2.13296,13,0,4308,90
2.13296,14,0,4308,90
2.13296,15,0,4308,90
2.13296,16,0,3508,90
2.13296,17,0,4308,90
2.13296,18,0,3808,90
2.13296,19,0,4286,88
2.18485,0,0,3498,90
2.18485,1,0,4298,90
2.18485,2,0,3498,90
2.18485,3,0,3798,90
2.18485,4,0,4298,90
2.18485,5,0,3798,90
2.18485,6,0,4298,90
2.18485,7,0,3798,90
2.18485,8,0,4298,90
2.18485,9,0,4298,90
2.18485,10,0,3498,90
2.18485,11,0,4298,90
2.18485,12,0,4298,90
2.18485,13,0,4298,90
2.18485,14,0,4298,90
2.18485,15,0,4298,90
2.18485,16,0,3498,90
2.18485,17,0,4298,90
2.18485,18,0,3798,90
2.18485,19,0,4281,88
2.23632,0,0,3489,90
2.23632,1,0,4289,90
2.23632,2,0,3489,90
2.23632,3,0,3789,90
2.23632,4,0,4289,90
2.23632,5,0,3789,90
2.23632,6,0,4289,90
2.23632,7,0,3789,90
2.23632,8,0,4289,90
2.23632,9,0,4289,90
2.23632,10,0,3489,90
2.23632,11,0,4289,90
2.23632,12,0,4289,90
2.23632,13,0,4289,90
2.23632,14,0,4289,90
2.23632,15,0,4289,90
2.23632,16,0,3489,90
2.23632,17,0,4289,90
2.23632,18,0,3789,90
2.23632,19,0,4281,88
2.28768,0,0,3483,90
2.28768,1,0,4283,90
2.28768,2,0,3483,90
2.28768,3,0,3783,90
2.28768,4,0,4283,90
2.28768,5,0,3783,90
2.28768,6,0,4283,90
2.28768,7,0,3783,90
2.28768,8,0,4283,90
2.28768,9,0,4283,90
2.28768,10,0,3483,90
2.28768,11,0,4283,90
2.28768,12,0,4283,90
2.28768,13,0,4283,90
2.28768,14,0,4283,90
2.28768,15,0,4283,90
2.28768,16,0,3483,90
2.28768,17,0,4283,90
2.28768,18,0,3783,90
2.28768,19,0,4286,88
2.33896,0,0,3480,90
2.33896,1,0,4280,90
2.33896,2,0,3480,90
2.33896,3,0,3780,90
2.33896,4,0,4280,90
2.33896,5,0,3780,90
2.33896,6,0,4280,90
2.33896,7,0,3780,90
2.33896,8,0,4280,90
2.33896,9,0,4280,90
2.33896,10,0,3480,90
2.33896,11,0,4280,90
2.33896,12,0,4280,90
2.33896,13,0,4280,90
2.33896,14,0,4280,90
2.33896,15,0,4280,90
2.33896,16,0,3480,90
2.33896,17,0,4280,90
2.33896,18,0,3780,90
2.33896,19,0,4294,88
2.39039,0,0,3483,90
2.39039,1,0,4283,90
2.39039,2,0,3483,90
2.39039,3,0,3783,90
2.39039,4,0,4283,90
2.39039,5,0,3783,90
2.39039,6,0,4283,90
2.39039,7,0,3783,90
2.39039,8,0,4283,90
2.39039,9,0,4283,90
2.39039,10,0,3483,90
2.39039,11,0,4283,90
2.39039,12,0,4283,90
2.39039,13,0,4283,90
2.39039,14,0,4283,90
2.39039,15,0,4283,90
2.39039,16,0,3483,90
2.39039,17,0,4283,90
2.39039,18,0,3783,90
2.39039,19,0,4304,88
2.44185,0,0,3490,90
2.44185,1,0,4290,90
2.44185,2,0,3503,90
2.44185,3,0,3790,90
2.44185,4,0,4290,90
2.44185,5,0,3790,90
2.44185,6,0,4290,90
2.44185,7,0,3798,90
2.44185,8,0,4290,90
2.44185,9,0,4301,90
2.44185,10,0,3490,90
2.44185,11,0,4290,90
2.44185,12,0,4301,90
2.44185,13,0,4299,90
2.44185,14,0,4290,90
2.44185,15,0,4290,90
2.44185,16,0,3490,90
2.44185,17,0,4303,90
2.44185,18,0,3790,90
2.44185,19,0,4312,88
2.49379,0,0,3500,90
2.49379,1,0,4300,90
2.49379,2,0,3624,90
2.49379,3,0,3800,90
2.49379,4,0,4300,90
2.49379,5,0,3800,90
2.49379,6,0,4300,90
2.49379,7,0,3876,90
2.49379,8,0,4300,90
2.49379,9,0,4403,90
2.49379,10,0,3500,90
2.49379,11,0,4300,90
2.49379,12,0,4400,90
2.49379,13,0,4381,90
2.49379,14,0,4300,90
2.49379,15,0,4300,90
2.49379,16,0,3500,90
2.49379,17,0,4422,90
2.49379,18,0,3800,90
2.49379,19,0,4318,88
2.54529,0,0,3509,90
2.54529,1,0,4309,90
2.54529,2,0,3861,90
2.54529,3,0,3809,90
2.54529,4,0,4342,90
2.54529,5,0,3809,90
2.54529,6,0,4318,90
2.54529,7,0,4025,90
2.54529,8,0,4309,90
2.54529,9,0,4601,90
2.54529,10,0,3509,90
2.54529,11,0,4309,90
2.54529,12,0,4592,90
2.54529,13,0,4537,90
2.54529,14,0,4309,90
2.54529,15,0,4333,90
2.54529,16,0,3509,90
2.54529,17,0,4654,90
2.54529,18,0,3809,90
2.54529,19,0,4318,88
2.5962,0,0,3516,90
2.5962,1,0,4316,90
2.5962,2,0,4224,90
2.5962,3,0,3816,90
2.5962,4,0,4463,90
2.5962,5,0,3816,90
2.5962,6,0,4396,90
2.5962,7,0,4248,90
2.5962,8,0,4316,90
2.5962,9,0,4894,90
2.5962,10,0,3516,90
2.5962,11,0,4316,90
2.5962,12,0,4878,90
2.5962,13,0,4768,90
2.5962,14,0,4316,90
2.5962,15,0,4457,90
2.5962,16,0,3516,90
2.5962,17,0,5002,90
2.5962,18,0,3816,90
2.5962,19,0,4314,88
2.6473,0,0,3519,90
2.6473,1,0,4319,90
2.6473,2,0,4738,90
2.6473,3,0,3819,90
2.6473,4,0,4667,90
2.6473,5,0,3819,90
2.6473,6,0,4545,90
2.6473,7,0,4553,90
2.6473,8,0,4322,90
2.6473,9,0,5292,90
2.6473,10,0,3519,90
2.6473,11,0,4319,90
2.6473,12,0,5265,90
2.6473,13,0,5078,90
2.6473,14,0,4319,90
2.6473,15,0,4681,90
2.6473,16,0,3519,90
2.6473,17,0,5476,90
2.6473,18,0,3819,90
2.6473,19,0,4306,88
2.69852,0,0,3516,90
2.69852,1,0,4316,90
2.69852,2,0,5415,90
2.69852,3,0,3816,90
2.69852,4,0,4957,90
2.69852,5,0,3816,90
2.69852,6,0,4765,90
2.69852,7,0,4943,90
2.69852,8,0,4379,90
2.69852,9,0,5798,90
2.69852,10,0,3516,90
2.69852,11,0,4316,90
2.69852,12,0,5756,90
2.69852,13,0,5470,90
2.69852,14,0,4316,90
2.69852,15,0,5008,90
2.69852,16,0,3516,90
2.69852,17,0,6080,90
2.69852,18,0,3816,90
2.69852,19,0,4296,88
2.74991,0,0,3510,90
2.74991,1,0,4310,90
2.74991,2,0,6259,90
2.74991,3,0,3810,90
2.74991,4,0,5336,90
2.74991,5,0,3810,90
2.74991,6,0,5061,90
2.74991,7,0,5421,90
2.74991,8,0,4506,90
2.74991,9,0,6409,90
2.74991,10,0,3552,90
2.74991,11,0,4310,90
2.74991,12,0,6349,90
2.74991,13,0,5943,90
2.74991,14,0,4319,90
2.74991,15,0,5447,90
2.74991,16,0,3510,90
2.74991,17,0,6803,90
2.74991,18,0,3810,90
2.74991,19,0,4287,88
2.80126,0,0,3511,90
2.80126,1,0,4310,90
2.80126,2,0,7242,90
2.80126,3,0,3801,90
2.80126,4,0,5806,90
2.80126,5,0,3801,90
2.80126,6,0,5434,90
2.80126,7,0,5985,90
2.80126,8,0,4705,90
2.80126,9,0,7106,90
2.80126,10,0,3689,90
2.80126,11,0,4301,90
2.80126,12,0,7027,90
2.80126,13,0,6490,90
2.80126,14,0,4383,90
2.80126,15,0,5997,90
2.80126,16,0,3501,90
2.80126,17,0,7628,90
2.80126,18,0,3801,90
2.80126,19,0,4282,88
2.85269,0,0,3593,90
2.85269,1,0,4375,90
2.85269,2,0,8338,90
2.85269,3,0,3791,90
2.85269,4,0,6362,90
2.85269,5,0,3791,90
2.85269,6,0,5883,90
2.85269,7,0,6625,90
2.85269,8,0,4978,90
2.85269,9,0,7880,90
2.85269,10,0,3935,90
2.85269,11,0,4349,90
2.85269,12,0,7780,90
2.85269,13,0,7098,90
2.85269,14,0,4519,90
2.85269,15,0,6650,90
2.85269,16,0,3491,90
2.85269,17,0,8537,90
2.85269,18,0,3791,90
2.85269,19,0,4281,88
2.90444,0,0,3768,90
2.90444,1,0,4518,90
2.90444,2,0,9532,90
2.90444,3,0,3784,90
2.90444,4,0,6995,90
2.90444,5,0,3811,90
2.90444,6,0,6405,90
2.90444,7,0,7328,90
2.90444,8,0,5330,90
2.90444,9,0,8716,90
2.90444,10,0,4304,90
2.90444,11,0,4497,90
2.90444,12,0,8594,90
2.90444,13,0,7760,90
2.90444,14,0,4731,90
2.90444,15,0,7396,90
2.90444,16,0,3484,90
2.90444,17,0,9519,90
2.90444,18,0,3784,90
2.90444,19,0,4284,88
2.95561,0,0,4041,90
2.95561,1,0,4736,90
2.95561,2,0,10754,90
2.95561,3,0,3802,90
2.95561,4,0,7681,90
2.95561,5,0,3943,90
2.95561,6,0,6979,90
2.95561,7,0,8069,90
2.95561,8,0,5754,90
2.95561,9,0,9586,90
2.95561,10,0,4807,90
2.95561,11,0,4745,90
2.95561,12,0,9441,90
2.95561,13,0,8450,90
2.95561,14,0,5015,90
2.95561,15,0,8206,90
2.95561,16,0,3480,90
2.95561,17,0,10522,90
2.95561,18,0,3799,90
2.95561,19,0,4292,88
3.00664,0,0,4425,90
3.00664,1,0,5033,90
3.00664,2,0,11907,90
3.00664,3,0,3911,90
3.00664,4,0,8410,90
3.00664,5,0,4196,90
3.00664,6,0,7599,90
3.00664,7,0,8838,90
3.00664,8,0,6248,90
3.00664,9,0,10466,90
3.00664,10,0,5453,90
3.00664,11,0,5097,90
3.00664,12,0,10303,90
3.00664,13,0,9161,90
3.00664,14,0,5375,90
3.00664,15,0,9068,90
3.00664,16,0,3540,90
3.00664,17,0,11484,90
3.00664,18,0,3895,90
3.00664,19,0,4302,88
3.05781,0,0,4933,90
3.05781,1,0,5413,90
3.05781,2,0,12896,90
3.05781,3,0,4118,90
3.05781,4,0,9173,90
3.05781,5,0,4588,90
3.05781,6,0,8253,90
3.05781,7,0,9628,90
3.05781,8,0,6803,90
3.05781,9,0,11309,90
3.05781,10,0,6245,90
3.05781,11,0,5561,90
3.05781,12,0,11136,90
3.05781,13,0,9884,90
3.05781,14,0,5814,90
3.05781,15,0,9971,90
3.05781,16,0,3705,90
3.05781,17,0,12360,90
3.05781,18,0,4077,90
3.05781,19,0,4311,88
3.10899,0,0,5570,90
3.10899,1,0,5875,90
3.10899,2,0,13005,90
3.10899,3,0,4435,90
3.10899,4,0,9953,90
3.10899,5,0,5130,90
3.10899,6,0,8929,90
3.10899,7,0,10410,90
3.10899,8,0,7409,90
3.10899,9,0,12082,90
3.10899,10,0,7160,90
3.10899,11,0,6136,90
3.10899,12,0,11907,90
3.10899,13,0,10587,90
3.10899,14,0,6325,90
3.10899,15,0,10866,90
3.10899,16,0,3982,90
3.10899,17,0,13009,90
3.10899,18,0,4353,90
3.10899,19,0,4317,88
3.16026,0,0,6334,90
3.16026,1,0,6414,90
3.16026,2,0,12983,90
3.16026,3,0,4871,90
3.16026,4,0,10717,90
3.16026,5,0,5831,90
3.16026,6,0,9618,90
3.16026,7,0,11148,90
3.16026,8,0,8053,90
3.16026,9,0,12748,90
3.16026,10,0,8174,90
3.16026,11,0,6811,90
3.16026,12,0,12580,90
3.16026,13,0,11243,90
3.16026,14,0,6897,90
3.16026,15,0,11707,90
3.16026,16,0,4387,90
3.16026,17,0,12980,90
3.16026,18,0,4732,90
3.16026,19,0,4319,88
3.21155,0,0,7200,90
3.21155,1,0,7017,90
3.21155,2,0,13001,90
3.21155,3,0,5431,90
3.21155,4,0,11429,90
3.21155,5,0,6683,90
3.21155,6,0,10295,90
3.21155,7,0,11822,90
3.21155,8,0,8722,90
3.21155,9,0,13002,90
3.21155,10,0,9267,90
3.21155,11,0,7572,90
3.21155,12,0,12976,90
3.21155,13,0,11840,90
3.21155,14,0,7519,90
3.21155,15,0,12456,90
3.21155,16,0,4937,90
3.21155,17,0,13012,90
3.21155,18,0,5218,90
3.21155,19,0,4315,88
3.26363,0,0,8163,90
3.26363,1,0,7684,90
3.26363,2,0,12983,90
3.26363,3,0,6129,90
3.26363,4,0,12084,90
3.26363,5,0,7677,90
3.26363,6,0,10943,90
3.26363,7,0,12419,90
3.26363,8,0,9417,90
3.26363,9,0,13009,90
3.26363,10,0,10424,90
3.26363,11,0,8415,90
3.26363,12,0,13004,90
3.26363,13,0,12366,90
3.26363,14,0,8189,90
3.26363,15,0,12999,90
3.26363,16,0,5652,90
3.26363,17,0,12981,90
3.26363,18,0,5824,90
3.26363,19,0,4308,88
3.31526,0,0,9181,90
3.31526,1,0,8383,90
3.31526,2,0,13007,90
3.31526,3,0,6933,90
3.31526,4,0,12640,90
3.31526,5,0,8765,90
3.31526,6,0,11529,90
3.31526,7,0,12911,90
3.31526,8,0,10103,90
3.31526,9,0,12973,90
3.31526,10,0,11530,90
3.31526,11,0,9304,90
3.31526,12,0,13000,90
3.31526,13,0,12802,90
3.31526,14,0,8878,90
3.31526,15,0,13002,90
3.31526,16,0,6511,90
3.31526,17,0,12980,90
3.31526,18,0,6528,90
3.31526,19,0,4298,88
3.3667,0,0,10234,90
3.3667,1,0,9106,90
3.3667,2,0,12993,90
3.3667,3,0,7824,90
3.3667,4,0,13001,90
3.3667,5,0,9932,90
3.3667,6,0,12049,90
3.3667,7,0,12977,90
3.3667,8,0,10754,90
3.3667,9,0,13007,90
3.3667,10,0,12515,90
3.3667,11,0,10221,90
3.3667,12,0,12979,90
3.3667,13,0,12997,90
3.3667,14,0,9578,90
3.3667,15,0,12975,90
3.3667,16,0,7486,90
3.3667,17,0,12978,90
3.3667,18,0,7312,90
3.3667,19,0,4289,88
3.41806,0,0,11255,90
3.41806,1,0,9841,90
3.41806,2,0,12982,90
3.41806,3,0,8784,90
3.41806,4,0,13005,90
3.41806,5,0,11107,90
3.41806,6,0,12491,90
3.41806,7,0,12997,90
3.41806,8,0,11351,90
3.41806,9,0,12999,90
3.41806,10,0,13003,90
3.41806,11,0,11112,90
3.41806,12,0,12975,90
3.41806,13,0,12969,90
3.41806,14,0,10269,90
3.41806,15,0,12998,90
3.41806,16,0,8556,90
3.41806,17,0,13004,90
3.41806,18,0,8161,90
3.41806,19,0,4283,88
3.46944,0,0,12188,90
3.46944,1,0,10560,90
3.46944,2,0,13012,90
3.46944,3,0,9798,90
3.46944,4,0,12999,90
3.46944,5,0,12196,90
3.46944,6,0,12856,90
3.46944,7,0,12974,90
3.46944,8,0,11891,90
3.46944,9,0,12997,90
3.46944,10,0,12983,90
3.46944,11,0,11940,90
3.46944,12,0,13000,90
3.46944,13,0,12967,90
3.46944,14,0,10922,90
3.46944,15,0,13002,90
3.46944,16,0,9701,90
3.46944,17,0,12985,90
3.46944,18,0,9059,90
3.46944,19,0,4280,88
3.521,0,0,12971,90
3.521,1,0,11233,90
3.521,2,0,12984,90
3.521,3,0,10820,90
3.521,4,0,12974,90
3.521,5,0,13013,90
3.521,6,0,12999,90
3.521,7,0,12971,90
3.521,8,0,12356,90
3.521,9,0,13001,90
3.521,10,0,12998,90
3.521,11,0,12663,90
3.521,12,0,13007,90
3.521,13,0,13001,90
3.521,14,0,11521,90
3.521,15,0,13002,90
3.521,16,0,10871,90
3.521,17,0,12979,90
3.521,18,0,9993,90
3.521,19,0,4283,88
3.57281,0,0,13012,90
3.57281,1,0,11849,90
3.57281,2,0,12999,90
3.57281,3,0,11785,90
3.57281,4,0,12998,90
3.57281,5,0,12985,90
3.57281,6,0,13001,90
3.57281,7,0,13003,90
3.57281,8,0,12747,90
3.57281,9,0,12999,90
3.57281,10,0,13013,90
3.57281,11,0,13004,90
3.57281,12,0,12973,90
3.57281,13,0,13000,90
3.57281,14,0,12060,90
3.57281,15,0,12972,90
3.57281,16,0,11971,90
3.57281,17,0,13002,90
3.57281,18,0,10914,90
3.57281,19,0,4290,88
3.62498,0,0,12987,90
3.62498,1,0,12388,90
3.62498,2,0,13017,90
3.62498,3,0,12637,90
3.62498,4,0,13000,90
3.62498,5,0,12996,90
3.62498,6,0,13002,90
3.62498,7,0,13002,90
3.62498,8,0,12971,90
3.62498,9,0,12970,90
3.62498,10,0,12993,90
3.62498,11,0,12980,90
3.62498,12,0,12999,90
3.62498,13,0,12998,90
3.62498,14,0,12521,90
3.62498,15,0,12976,90
3.62498,16,0,12913,90
3.62498,17,0,12978,90
3.62498,18,0,11776,90
3.62498,19,0,4300,88
3.67629,0,0,13007,90
3.67629,1,0,12831,90
3.67629,2,0,12994,90
3.67629,3,0,13011,90
3.67629,4,0,12999,90
3.67629,5,0,13009,90
3.67629,6,0,12999,90
3.67629,7,0,13004,90
3.67629,8,0,13003,90
3.67629,9,0,13000,90
3.67629,10,0,12992,90
3.67629,11,0,13007,90
3.67629,12,0,12975,90
3.67629,13,0,12999,90
3.67629,14,0,12893,90
3.67629,15,0,12975,90
3.67629,16,0,13005,90
3.67629,17,0,12998,90
3.67629,18,0,12522,90
3.67629,19,0,4309,88
3.72775,0,0,12979,90
3.72775,1,0,13001,90
3.72775,2,0,12995,90
3.72775,3,0,12984,90
3.72775,4,0,13003,90
3.72775,5,0,12986,90
3.72775,6,0,12992,90
3.72775,7,0,13000,90
3.72775,8,0,13001,90
3.72775,9,0,12970,90
3.72775,10,0,12991,90
3.72775,11,0,12977,90
3.72775,12,0,12974,90
3.72775,13,0,12964,90
3.72775,14,0,12968,90
3.72775,15,0,13004,90
3.72775,16,0,13008,90
3.72775,17,0,13002,90
3.72775,18,0,12981,90
3.72775,19,0,4316,88
3.77932,0,0,12981,90
3.77932,1,0,12997,90
3.77932,2,0,13019,90
3.77932,3,0,13002,90
3.77932,4,0,13000,90
3.77932,5,0,13004,90
3.77932,6,0,13002,90
3.77932,7,0,12997,90
3.77932,8,0,13003,90
3.77932,9,0,13006,90
3.77932,10,0,12990,90
3.77932,11,0,13009,90
3.77932,12,0,13003,90
3.77932,13,0,12979,90
3.77932,14,0,12970,90
3.77932,15,0,13004,90
3.77932,16,0,12994,90
3.77932,17,0,12975,90
3.77932,18,0,13002,90
3.77932,19,0,4319,88
3.83077,0,0,12980,90
3.83077,1,0,12999,90
3.83077,2,0,13002,90
3.83077,3,0,13002,90
3.83077,4,0,13000,90
3.83077,5,0,12985,90
3.83077,6,0,12998,90
3.83077,7,0,12999,90
3.83077,8,0,13000,90
3.83077,9,0,13004,90
3.83077,10,0,12990,90
3.83077,11,0,13009,90
3.83077,12,0,12968,90
3.83077,13,0,12961,90
3.83077,14,0,13003,90
3.83077,15,0,12976,90
3.83077,16,0,12999,90
3.83077,17,0,12976,90
3.83077,18,0,12976,90
3.83077,19,0,4421,88
3.88264,0,0,12978,90
3.88264,1,0,12997,90
3.88264,2,0,13009,90
3.88264,3,0,13001,90
3.88264,4,0,12965,90
3.88264,5,0,13008,90
3.88264,6,0,12988,90
3.88264,7,0,12996,90
3.88264,8,0,12997,90
3.88264,9,0,13005,90
3.88264,10,0,12991,90
3.88264,11,0,13006,90
3.88264,12,0,12971,90
3.88264,13,0,12989,90
3.88264,14,0,12965,90
3.88264,15,0,12999,90
3.88264,16,0,13005,90
3.88264,17,0,13005,90
3.88264,18,0,13000,90
3.88264,19,0,4842,88
3.93475,0,0,13004,90
3.93475,1,0,12996,90
3.93475,2,0,13018,90
3.93475,3,0,12998,90
3.93475,4,0,12963,90
3.93475,5,0,12993,90
3.93475,6,0,12998,90
3.93475,7,0,12998,90
3.93475,8,0,12998,90
3.93475,9,0,12971,90
3.93475,10,0,12992,90
3.93475,11,0,12998,90
3.93475,12,0,12999,90
3.93475,13,0,12985,90
3.93475,14,0,12996,90
3.93475,15,0,13005,90
3.93475,16,0,12993,90
3.93475,17,0,12974,90
3.93475,18,0,13005,90
3.93475,19,0,5336,88
3.98601,0,0,12997,90
3.98601,1,0,13003,90
3.98601,2,0,12984,90
3.98601,3,0,12978,90
3.98601,4,0,12963,90
3.98601,5,0,13000,90
3.98601,6,0,12978,90
3.98601,7,0,12996,90
3.98601,8,0,12981,90
3.98601,9,0,12967,90
3.98601,10,0,13011,90
3.98601,11,0,12997,90
3.98601,12,0,12968,90
3.98601,13,0,12948,90
3.98601,14,0,12998,90
3.98601,15,0,12975,90
3.98601,16,0,13001,90
3.98601,17,0,13000,90
3.98601,18,0,12980,90
3.98601,19,0,5842,88
4.03726,0,0,13004,90
4.03726,1,0,12966,90
4.03726,2,0,13020,90
4.03726,3,0,13002,90
4.03726,4,0,12997,90
4.03726,5,0,12989,90
4.03726,6,0,12922,90
4.03726,7,0,12997,90
4.03726,8,0,12999,90
4.03726,9,0,12999,90
4.03726,10,0,13014,90
4.03726,11,0,13004,90
4.03726,12,0,13000,90
4.03726,13,0,12878,90
4.03726,14,0,13001,90
4.03726,15,0,13001,90
4.03726,16,0,12992,90
4.03726,17,0,12982,90
4.03726,18,0,13000,90
4.03726,19,0,6364,88
4.08874,0,0,13009,90
4.08874,1,0,13000,90
4.08874,2,0,12989,90
4.08874,3,0,12978,90
4.08874,4,0,12992,90
4.08874,5,0,13001,90
4.08874,6,0,12829,90
4.08874,7,0,12998,90
4.08874,8,0,12983,90
4.08874,9,0,12997,90
4.08874,10,0,12980,90
4.08874,11,0,12972,90
4.08874,12,0,12998,90
4.08874,13,0,12772,90
4.08874,14,0,12961,90
4.08874,15,0,13001,90
4.08874,16,0,13002,90
4.08874,17,0,12977,90
4.08874,18,0,12978,90
4.08874,19,0,6895,88
4.14041,0,0,12983,90
4.14041,1,0,12964,90
4.14041,2,0,13006,90
4.14041,3,0,12983,90
4.14041,4,0,12960,90
4.14041,5,0,12994,90
4.14041,6,0,12694,90
4.14041,7,0,12984,90
4.14041,8,0,12936,90
4.14041,9,0,13002,90
4.14041,10,0,13001,90
4.14041,11,0,12970,90
4.14041,12,0,12965,90
4.14041,13,0,12626,90
4.14041,14,0,12996,90
4.14041,15,0,13004,90
4.14041,16,0,13013,90
4.14041,17,0,12999,90
4.14041,18,0,12976,90
4.14041,19,0,7434,88
4.19212,0,0,12998,90
4.19212,1,0,12991,90
4.19212,2,0,13002,90
4.19212,3,0,13000,90
4.19212,4,0,12962,90
4.19212,5,0,13009,90
4.19212,6,0,12513,90
4.19212,7,0,12940,90
4.19212,8,0,12851,90
4.19212,9,0,12968,90
4.19212,10,0,12986,90
4.19212,11,0,13007,90
4.19212,12,0,12964,90
4.19212,13,0,12437,90
4.19212,14,0,12993,90
4.19212,15,0,13001,90
4.19212,16,0,12987,90
4.19212,17,0,13005,90
4.19212,18,0,13002,90
4.19212,19,0,7975,88
4.23768,0,0,12971,90
4.23768,1,0,12999,90
4.23768,2,0,12986,90
4.23768,3,0,13001,90
4.23768,4,0,12942,90
4.23768,5,0,13016,90
4.23768,6,0,12315,90
4.23768,7,0,12877,90
4.23768,8,0,12743,90
4.23768,9,0,13003,90
4.23768,10,0,12986,90
4.23768,11,0,13001,90
4.23768,12,0,13001,90
4.23768,13,0,12237,90
4.23768,14,0,12966,90
4.23768,15,0,13001,90
4.23768,16,0,13014,90
4.23768,17,0,13010,90
4.23768,18,0,13005,90
4.23768,19,0,8453,88
4.29359,0,0,13003,90
4.29359,1,0,12957,90
4.29359,2,0,13005,90
4.29359,3,0,12976,90
4.29359,4,0,12887,90
4.29359,5,0,13011,90
4.29359,6,0,12024,90
4.29359,7,0,12765,90
4.29359,8,0,12563,90
4.29359,9,0,12995,90
4.29359,10,0,13003,90
4.29359,11,0,12997,90
4.29359,12,0,12966,90
4.29359,13,0,11947,90
4.29359,14,0,12894,90
4.29359,15,0,13004,90
4.29359,16,0,12983,90
4.29359,17,0,12977,90
4.29359,18,0,12976,90
4.29359,19,0,9041,89
4.34529,0,0,12984,90
4.34529,1,0,12946,90
4.34529,2,0,13007,90
4.34529,3,0,13001,90
4.34529,4,0,12805,90
4.34529,5,0,13011,90
4.34529,6,0,11723,90
4.34529,7,0,12624,90
4.34529,8,0,12347,90
4.34529,9,0,12967,90
4.34529,10,0,13009,90
4.34529,11,0,13006,90
4.34529,12,0,12963,90
4.34529,13,0,11643,90
4.34529,14,0,12788,90
4.34529,15,0,13001,90
4.34529,16,0,12998,90
4.34529,17,0,13006,90
4.34529,18,0,13005,90
4.34529,19,0,9586,89
4.39682,0,0,13005,90
4.39682,1,0,12903,90
4.39682,2,0,13010,90
4.39682,3,0,12982,90
4.39682,4,0,12693,90
4.39682,5,0,13014,90
4.39682,6,0,11409,90
4.39682,7,0,12447,90
4.39682,8,0,12087,90
4.39682,9,0,13001,90
4.39682,10,0,13014,90
4.39682,11,0,12969,90
4.39682,12,0,12995,90
4.39682,13,0,11325,90
4.39682,14,0,12642,90
4.39682,15,0,12966,90
4.39682,16,0,13014,90
4.39682,17,0,12979,90
4.39682,18,0,12997,90
4.39682,19,0,10116,89
4.44834,0,0,12983,90
4.44834,1,0,12828,90
4.44834,2,0,12991,90
4.44834,3,0,13003,90
4.44834,4,0,12548,90
4.44834,5,0,12997,90
4.44834,6,0,11083,90
4.44834,7,0,12232,90
4.44834,8,0,11791,90
4.44834,9,0,12998,90
4.44834,10,0,12984,90
4.44834,11,0,12968,90
4.44834,12,0,13000,90
4.44834,13,0,10997,90
4.44834,14,0,12450,90
4.44834,15,0,12999,90
4.44834,16,0,12993,90
4.44834,17,0,13005,90
4.44834,18,0,13002,90
4.44834,19,0,10622,89
4.49994,0,0,12999,90
4.49994,1,0,12716,90
4.49994,2,0,12999,90
4.49994,3,0,12980,90
4.49994,4,0,12367,90
4.49994,5,0,13004,90
4.49994,6,0,10747,90
4.49994,7,0,11982,90
4.49994,8,0,11479,90
4.49994,9,0,12985,90
4.49994,10,0,13008,90
4.49994,11,0,12970,90
4.49994,12,0,12999,90
4.49994,13,0,10658,90
4.49994,14,0,12213,90
4.49994,15,0,12968,90
4.49994,16,0,13011,90
4.49994,17,0,12976,90
4.49994,18,0,13001,90
4.49994,19,0,11083,89
4.55152,0,0,12972,90
4.55152,1,0,12567,90
4.55152,2,0,13008,90
4.55152,3,0,13010,90
4.55152,4,0,12155,90
4.55152,5,0,12990,90
4.55152,6,0,10402,90
4.55152,7,0,11695,90
4.55152,8,0,11155,90
4.55152,9,0,12962,90
4.55152,10,0,13015,90
4.55152,11,0,13004,90
4.55152,12,0,12970,90
4.55152,13,0,10311,90
4.55152,14,0,11933,90
4.55152,15,0,12999,90
4.55152,16,0,12991,90
4.55152,17,0,12999,90
4.55152,18,0,13003,90
4.55152,19,0,11495,89
4.60351,0,0,12998,90
4.60351,1,0,12376,90
4.60351,2,0,12994,90
4.60351,3,0,12997,90
4.60351,4,0,11909,90
4.60351,5,0,13001,90
4.60351,6,0,10051,90
4.60351,7,0,11377,90
4.60351,8,0,10819,90
4.60351,9,0,12975,90
4.60351,10,0,12986,90
4.60351,11,0,12966,90
4.60351,12,0,12980,90
4.60351,13,0,9961,90
4.60351,14,0,11626,90
4.60351,15,0,12999,90
4.60351,16,0,13012,90
4.60351,17,0,13008,90
4.60351,18,0,12971,90
4.60351,19,0,11879,89
4.65527,0,0,13008,90
4.65527,1,0,12146,90
4.65527,2,0,13006,90
4.65527,3,0,13009,90
4.65527,4,0,11631,90
4.65527,5,0,12991,90
4.65527,6,0,9701,90
4.65527,7,0,11049,90
4.65527,8,0,10474,90
4.65527,9,0,13000,90
4.65527,10,0,12994,90
4.65527,11,0,13004,90
4.65527,12,0,12971,90
4.65527,13,0,9612,90
4.65527,14,0,11306,90
4.65527,15,0,12998,90
4.65527,16,0,12994,90
4.65527,17,0,12975,90
4.65527,18,0,12969,90
4.65527,19,0,12237,89
4.70657,0,0,12976,90
4.70657,1,0,11880,90
4.70657,2,0,12996,90
4.70657,3,0,12979,90
4.70657,4,0,11324,90
4.70657,5,0,13005,90
4.70657,6,0,9356,90
4.70657,7,0,10714,90
4.70657,8,0,10128,90
4.70657,9,0,12994,90
4.70657,10,0,13002,90
4.70657,11,0,12966,90
4.70657,12,0,12943,90
4.70657,13,0,9269,90
4.70657,14,0,10979,90
4.70657,15,0,12996,90
4.70657,16,0,13016,90
4.70657,17,0,13006,90
4.70657,18,0,12969,90
4.70657,19,0,12568,89
4.75822,0,0,12981,90
4.75822,1,0,11575,90
4.75822,2,0,13012,90
4.75822,3,0,13000,90
4.75822,4,0,10996,90
4.75822,5,0,12998,90
4.75822,6,0,9011,90
4.75822,7,0,10367,90
4.75822,8,0,9779,90
4.75822,9,0,12997,90
4.75822,10,0,13011,90
4.75822,11,0,12997,90
4.75822,12,0,12894,90
4.75822,13,0,8934,90
4.75822,14,0,10640,90
4.75822,15,0,12999,90
4.75822,16,0,13000,90
4.75822,17,0,12997,90
4.75822,18,0,13003,90
4.75822,19,0,12870,89
4.80997,0,0,12997,90
4.80997,1,0,11254,90
4.80997,2,0,13005,90
4.80997,3,0,13005,90
4.80997,4,0,10656,90
4.80997,5,0,13016,90
4.80997,6,0,8674,90
4.80997,7,0,10018,90
4.80997,8,0,9430,90
4.80997,9,0,12963,90
4.80997,10,0,12983,90
4.80997,11,0,12996,90
4.80997,12,0,12825,90
4.80997,13,0,8612,90
4.80997,14,0,10291,90
4.80997,15,0,12999,90
4.80997,16,0,12985,90
4.80997,17,0,13000,90
4.80997,18,0,13004,90
4.80997,19,0,12998,89
4.86172,0,0,12997,90
4.86172,1,0,10922,90
4.86172,2,0,12999,90
4.86172,3,0,13009,90
4.86172,4,0,10308,90
4.86172,5,0,12990,90
4.86172,6,0,8352,90
4.86172,7,0,9669,90
4.86172,8,0,9083,90
4.86172,9,0,12953,90
4.86172,10,0,13011,90
4.86172,11,0,12996,90
4.86172,12,0,12734,90
4.86172,13,0,8310,90
4.86172,14,0,9942,90
4.86172,15,0,12996,90
4.86172,16,0,13010,90
4.86172,17,0,12975,90
4.86172,18,0,12997,90
4.86172,19,0,12999,89
4.91403,0,0,13008,90
4.91403,1,0,10576,90
4.91403,2,0,13021,90
4.91403,3,0,12972,90
4.91403,4,0,9956,90
4.91403,5,0,12989,90
4.91403,6,0,8046,90
4.91403,7,0,9322,90
4.91403,8,0,8741,90
4.91403,9,0,12925,90
4.91403,10,0,12984,90
4.91403,11,0,12966,90
4.91403,12,0,12619,90
4.91403,13,0,8031,90
4.91403,14,0,9589,90
4.91403,15,0,13000,90
4.91403,16,0,12996,90
4.91403,17,0,12974,90
4.91403,18,0,12967,90
4.91403,19,0,13001,89
4.96561,0,0,12979,90
4.96561,1,0,10228,90
4.96561,2,0,13019,90
4.96561,3,0,13009,90
4.96561,4,0,9615,90
4.96561,5,0,12989,90
4.96561,6,0,7770,90
4.96561,7,0,8990,90
4.96561,8,0,8416,90
4.96561,9,0,12879,90
4.96561,10,0,12995,90
4.96561,11,0,12968,90
4.96561,12,0,12482,90
4.96561,13,0,7784,90
4.96561,14,0,9243,90
4.96561,15,0,12999,90
4.96561,16,0,13003,90
4.96561,17,0,12973,90
4.96561,18,0,12967,90
4.96561,19,0,12966,89
5.01699,0,0,12998,90
5.01699,1,0,9882,90
5.01699,2,0,12992,90
5.01699,3,0,12980,90
5.01699,4,0,9288,90
5.01699,5,0,12991,90
5.01699,6,0,7523,90
5.01699,7,0,8675,90
5.01699,8,0,8111,90
5.01699,9,0,12816,90
5.01699,10,0,13006,90
5.01699,11,0,12996,90
5.01699,12,0,12323,90
5.01699,13,0,7571,90
5.01699,14,0,8904,90
5.01699,15,0,12963,90
5.01699,16,0,12991,90
5.01699,17,0,13007,90
5.01699,18,0,12999,90
5.01699,19,0,12968,89
5.06844,0,0,12977,90
5.06844,1,0,9536,90
5.06844,2,0,13020,90
5.06844,3,0,13000,90
5.06844,4,0,8977,90
5.06844,5,0,12995,90
5.06844,6,0,7308,90
5.06844,7,0,8379,90
5.06844,8,0,7829,90
5.06844,9,0,12733,90
5.06844,10,0,12980,90
5.06844,11,0,13001,90
5.06844,12,0,12144,90
5.06844,13,0,7395,90
5.06844,14,0,8577,90
5.06844,15,0,12972,90
5.06844,16,0,13000,90
5.06844,17,0,12977,90
5.06844,18,0,13000,90
5.06844,19,0,13004,89
5.12001,0,0,12979,90
5.12001,1,0,9196,90
5.12001,2,0,13022,90
5.12001,3,0,12980,90
5.12001,4,0,8688,90
5.12001,5,0,13001,90
5.12001,6,0,7129,90
5.12001,7,0,8107,90
5.12001,8,0,7574,90
5.12001,9,0,12630,90
5.12001,10,0,12993,90
5.12001,11,0,12966,90
5.12001,12,0,11946,90
5.12001,13,0,7257,90
5.12001,14,0,8267,90
5.12001,15,0,12969,90
5.12001,16,0,12990,90
5.12001,17,0,12971,90
5.12001,18,0,12991,90
5.12001,19,0,12996,89
5.17149,0,0,12978,90
5.17149,1,0,8868,90
5.17149,2,0,13000,90
5.17149,3,0,13006,90
5.17149,4,0,8426,90
5.17149,5,0,13009,90
5.17149,6,0,6990,90
5.17149,7,0,7864,90
5.17149,8,0,7351,90
5.17149,9,0,12508,90
5.17149,10,0,13006,90
5.17149,11,0,12999,90
5.17149,12,0,11729,90
5.17149,13,0,7160,90
5.17149,14,0,7979,90
5.17149,15,0,12999,90
5.17149,16,0,13001,90
5.17149,17,0,13000,90
5.17149,18,0,12998,90
5.17149,19,0,12971,89
5.22362,0,0,12975,90
5.22362,1,0,8554,90
5.22362,2,0,13006,90
5.22362,3,0,13007,90
5.22362,4,0,8192,90
5.22362,5,0,12993,90
5.22362,6,0,6890,90
5.22362,7,0,7650,90
5.22362,8,0,7161,90
5.22362,9,0,12364,90
5.22362,10,0,12981,90
5.22362,11,0,12998,90
5.22362,12,0,11493,90
5.22362,13,0,7106,90
5.22362,14,0,7716,90
5.22362,15,0,12996,90
5.22362,16,0,12993,90
5.22362,17,0,12978,90
5.22362,18,0,12999,90
5.22362,19,0,12999,89
5.27544,0,0,13005,90
5.27544,1,0,8264,90
5.27544,2,0,13014,90
5.27544,3,0,13004,90
5.27544,4,0,7995,90
5.27544,5,0,13004,90
5.27544,6,0,6834,90
5.27544,7,0,7474,90
5.27544,8,0,7011,90
5.27544,9,0,12203,90
5.27544,10,0,13014,90
5.27544,11,0,12998,90
5.27544,12,0,11245,90
5.27544,13,0,7097,90
5.27544,14,0,7485,90
5.27544,15,0,12996,90
5.27544,16,0,13005,90
5.27544,17,0,12980,90
5.27544,18,0,12963,90
5.27544,19,0,13000,89
5.3266,0,0,12973,90
5.3266,1,0,8005,90
5.3266,2,0,13023,90
5.3266,3,0,12976,90
5.3266,4,0,7838,90
5.3266,5,0,12992,90
5.3266,6,0,6821,90
5.3266,7,0,7338,90
5.3266,8,0,6904,90
5.3266,9,0,12028,90
5.3266,10,0,12990,90
5.3266,11,0,12962,90
5.3266,12,0,10993,90
5.3266,13,0,7131,90
5.3266,14,0,7292,90
5.3266,15,0,12981,90
5.3266,16,0,12999,90
5.3266,17,0,13004,90
5.3266,18,0,13000,90
5.3266,19,0,13001,89
5.37801,0,0,12997,90
5.37801,1,0,7776,90
5.37801,2,0,13007,90
5.37801,3,0,13004,90
5.37801,4,0,7720,90
5.37801,5,0,13007,90
5.37801,6,0,6853,90
5.37801,7,0,7240,90
5.37801,8,0,6838,90
5.37801,9,0,11838,90
5.37801,10,0,13005,90
5.37801,11,0,12977,90
5.37801,12,0,10735,90
5.37801,13,0,7209,90
5.37801,14,0,7136,90
5.37801,15,0,12951,90
5.37801,16,0,13013,90
5.37801,17,0,12978,90
5.37801,18,0,12997,90
5.37801,19,0,12967,89
5.42936,0,0,12973,90
5.42936,1,0,7581,90
5.42936,2,0,13018,90
5.42936,3,0,12972,90
5.42936,4,0,7644,90
5.42936,5,0,12998,90
5.42936,6,0,6928,90
5.42936,7,0,7184,90
5.42936,8,0,6815,90
5.42936,9,0,11634,90
5.42936,10,0,12982,90
5.42936,11,0,13000,90
5.42936,12,0,10477,90
5.42936,13,0,7330,90
5.42936,14,0,7020,90
5.42936,15,0,12906,90
5.42936,16,0,13008,90
5.42936,17,0,12975,90
5.42936,18,0,12969,90
5.42936,19,0,13004,89
5.48065,0,0,13003,90
5.48065,1,0,7424,90
5.48065,2,0,13003,90
5.48065,3,0,12972,90
5.48065,4,0,7612,90
5.48065,5,0,13015,90
5.48065,6,0,7045,90
5.48065,7,0,7170,90
5.48065,8,0,6835,90
5.48065,9,0,11418,90
5.48065,10,0,13016,90
5.48065,11,0,12996,90
5.48065,12,0,10228,90
5.48065,13,0,7490,90
5.48065,14,0,6945,90
5.48065,15,0,12846,90
5.48065,16,0,12984,90
5.48065,17,0,13005,90
5.48065,18,0,12994,90
5.48065,19,0,12996,89
5.53209,0,0,12997,90
5.53209,1,0,7307,90
5.53209,2,0,13018,90
5.53209,3,0,12970,90
5.53209,4,0,7624,90
5.53209,5,0,13010,90
5.53209,6,0,7203,90
5.53209,7,0,7198,90
5.53209,8,0,6900,90
5.53209,9,0,11195,90
5.53209,10,0,12994,90
5.53209,11,0,12981,90
5.53209,12,0,9993,90
5.53209,13,0,7688,90
5.53209,14,0,6914,90
5.53209,15,0,12769,90
5.53209,16,0,13001,90
5.53209,17,0,12975,90
5.53209,18,0,12998,90
5.53209,19,0,12971,89
5.58387,0,0,12999,90
5.58387,1,0,7232,90
5.58387,2,0,13005,90
5.58387,3,0,12977,90
5.58387,4,0,7680,90
5.58387,5,0,13005,90
5.58387,6,0,7401,90
5.58387,7,0,7269,90
5.58387,8,0,7008,90
5.58387,9,0,10967,90
5.58387,10,0,13011,90
5.58387,11,0,12998,90
5.58387,12,0,9775,90
5.58387,13,0,7923,90
5.58387,14,0,6926,90
5.58387,15,0,12674,90
5.58387,16,0,12999,90
5.58387,17,0,13002,90
5.58387,18,0,12991,90
5.58387,19,0,12999,89
5.63515,0,0,12998,90
5.63515,1,0,7200,90
5.63515,2,0,13018,90
5.63515,3,0,12970,90
5.63515,4,0,7778,90
5.63515,5,0,13002,90
5.63515,6,0,7633,90
5.63515,7,0,7380,90
5.63515,8,0,7156,90
5.63515,9,0,10742,90
5.63515,10,0,12990,90
5.63515,11,0,12998,90
5.63515,12,0,9581,90
5.63515,13,0,8187,90
5.63515,14,0,6982,90
5.63515,15,0,12564,90
5.63515,16,0,13018,90
5.63515,17,0,13004,90
5.63515,18,0,12967,90
5.63515,19,0,13000,89
5.68579,0,0,13005,90
5.68579,1,0,7212,90
5.68579,2,0,13003,90
5.68579,3,0,12972,90
5.68579,4,0,7915,90
5.68579,5,0,13001,90
5.68579,6,0,7892,90
5.68579,7,0,7528,90
5.68579,8,0,7341,90
5.68579,9,0,10523,90
5.68579,10,0,13007,90
5.68579,11,0,12991,90
5.68579,12,0,9415,90
5.68579,13,0,8473,90
5.68579,14,0,7079,90
5.68579,15,0,12438,90
5.68579,16,0,12997,90
5.68579,17,0,12971,90
5.68579,18,0,12927,90
5.68579,19,0,13001,89
5.73648,0,0,12998,90
5.73648,1,0,7240,90
5.73648,2,0,13005,90
5.73648,3,0,13000,90
5.73648,4,0,8016,90
5.73648,5,0,12996,90
5.73648,6,0,8060,90
5.73648,7,0,7634,90
5.73648,8,0,7469,90
5.73648,9,0,10396,90
5.73648,10,0,12987,90
5.73648,11,0,12981,90
5.73648,12,0,9327,90
5.73648,13,0,8655,90
5.73648,14,0,7157,90
5.73648,15,0,12355,90
5.73648,16,0,13009,90
5.73648,17,0,12972,90
5.73648,18,0,12895,90
5.73648,19,0,12999,89
5.78754,0,0,12977,90
5.78754,1,0,8588,90
5.78754,2,0,12986,90
5.78754,3,0,12993,90
5.78754,4,0,10471,90
5.78754,5,0,12998,90
5.78754,6,0,9670,90
5.78754,7,0,8960,90
5.78754,8,0,9484,90
5.78754,9,0,11168,90
5.78754,10,0,13009,90
5.78754,11,0,12996,90
5.78754,12,0,10911,90
5.78754,13,0,10845,90
5.78754,14,0,9484,90
5.78754,15,0,13004,90
5.78754,16,0,12980,90
5.78754,17,0,13013,90
5.78754,18,0,12987,90
5.78754,19,0,13004,90
5.83874,0,0,12975,90
5.83874,1,0,9775,90
5.83874,2,0,13005,90
5.83874,3,0,13009,90
5.83874,4,0,12293,90
5.83874,5,0,13001,90
5.83874,6,0,11000,90
5.83874,7,0,10112,90
5.83874,8,0,11133,90
5.83874,9,0,11848,90
5.83874,10,0,13004,90
5.83874,11,0,12220,90
5.83874,12,0,12144,90
5.83874,13,0,12430,90
5.83874,14,0,11368,90
5.83874,15,0,12979,90
5.83874,16,0,12975,90
5.83874,17,0,12999,90
5.83874,18,0,13019,90
5.83874,19,0,12996,90
5.89005,0,0,13009,90
5.89005,1,0,10952,90
5.89005,2,0,13002,90
5.89005,3,0,12253,90
5.89005,4,0,11808,90
5.89005,5,0,12494,90
5.89005,6,0,12207,90
5.89005,7,0,11234,90
5.89005,8,1,10112,90
5.89005,9,0,12489,90
5.89005,10,0,13004,90
5.89005,11,2,11148,90
5.89005,12,0,13011,90
5.89005,13,0,13007,90
5.89005,14,0,12916,90
5.89005,15,0,12975,90
5.89005,16,0,12976,90
5.89005,17,0,13010,90
5.89005,18,0,12026,90
5.89005,19,0,12971,90
5.94132,0,0,13004,90
5.94132,1,0,12039,90
5.94132,2,0,13002,90
5.94132,3,2,11435,90
5.94132,4,2,11697,90
5.94132,5,2,11408,90
5.94132,6,1,11045,90
5.94132,7,1,10097,90
5.94132,8,2,10820,90
5.94132,9,0,13004,90
5.94132,10,0,12977,90
5.94132,11,3,11592,90
5.94132,12,1,11195,90
5.94132,13,0,12992,90
5.94132,14,1,11426,90
5.94132,15,1,10745,90
5.94132,16,0,12998,90
5.94132,17,0,13001,90
5.94132,18,2,11648,90
5.94132,19,0,12999,90
5.9929,0,0,13004,90
5.9929,1,0,12966,90
5.9929,2,0,11775,90
5.9929,3,3,12104,90
5.9929,4,4,12402,90
5.9929,5,4,12002,90
5.9929,6,3,11021,90
5.9929,7,3,10071,90
5.9929,8,4,11465,90
5.9929,9,1,10788,90
5.9929,10,0,13003,90
5.9929,11,5,11986,90
5.9929,12,2,11273,90
5.9929,13,0,13004,90
5.9929,14,3,12110,90
5.9929,15,3,10863,90
5.9929,16,1,10845,90
5.9929,17,0,13017,90
5.9929,18,4,12222,90
5.9929,19,0,13000,90
6.04468,0,0,12978,90
6.04468,1,1,10998,90
6.04468,2,2,11440,90
6.04468,3,5,12629,90
6.04468,4,5,12913,90
6.04468,5,5,12480,90
6.04468,6,4,11404,90
6.04468,7,4,10379,90
6.04468,8,6,12038,90
6.04468,9,2,10805,90
6.04468,10,1,10895,90
6.04468,11,7,12327,90
6.04468,12,4,11666,90
6.04468,13,0,12992,90
6.04468,14,5,12643,90
6.04468,15,4,10994,90
6.04468,16,3,10930,90
6.04468,17,0,11968,90
6.04468,18,5,12671,90
6.04468,19,1,10805,90
6.09565,0,1,10756,90
6.09565,1,3,11281,90
6.09565,2,4,12011,90
6.09565,3,7,13004,90
6.09565,4,7,12990,90
6.09565,5,7,12846,90
6.09565,6,6,11763,90
6.09565,7,6,10689,90
6.09565,8,7,12413,90
6.09565,9,4,10847,90
6.09565,10,3,11052,90
6.09565,11,8,12212,90
6.09565,12,6,12015,90
6.09565,13,1,11432,90
6.09565,14,6,12993,90
6.09565,15,6,11139,90
6.09565,16,5,11024,90
6.09565,17,2,11615,90
6.09565,18,7,12993,90
6.09565,19,2,10154,90
6.14665,0,3,10904,90
6.14665,1,4,11563,90
6.14665,2,5,12471,90
6.14665,3,8,12802,90
6.14665,4,9,12944,90
6.14665,5,9,12746,90
6.14665,6,8,11916,90
6.14665,7,8,10821,90
6.14665,8,9,12394,90
6.14665,9,6,10914,90
6.14665,10,4,11224,90
6.14665,11,10,12120,90
6.14665,12,7,12238,90
6.14665,13,3,12128,90
6.14665,14,8,12913,90
6.14665,15,8,11143,90
6.14665,16,6,11140,90
6.14665,17,3,12155,90
6.14665,18,9,12875,90
6.14665,19,4,9808,90
6.19801,0,4,11064,90
6.19801,1,6,11835,90
6.19801,2,7,12833,90
6.19801,3,10,12756,90
6.19801,4,10,12912,90
6.19801,5,10,12671,90
6.19801,6,9,11816,90
6.19801,7,9,10699,90
6.19801,8,10,12385,90
6.19801,9,7,10934,90
6.19801,10,6,11408,90
6.19801,11,12,12047,90
6.19801,12,9,12122,90
6.19801,13,4,12673,90
6.19801,14,10,12840,90
6.19801,15,9,10931,90
6.19801,16,8,11042,90
6.19801,17,5,12592,90
6.19801,18,10,12784,90
6.19801,19,6,9462,90
6.24981,0,6,11237,90
6.24981,1,8,11925,90
6.24981,2,9,12732,90
6.24981,3,12,12725,90
6.24981,4,12,12891,90
6.24981,5,12,12616,90
6.24981,6,11,11737,90
6.24981,7,11,10598,90
6.24981,8,12,12385,90
6.24981,9,9,10682,90
6.24981,10,8,11441,90
6.24981,11,13,11992,90
6.24981,12,11,12026,90
6.24981,13,6,13004,90
6.24981,14,11,12787,90
6.24981,15,11,10745,90
6.24981,16,10,10814,90
6.24981,17,7,12925,90
6.24981,18,12,12717,90
6.24981,19,7,9113,90
6.3018,0,8,11263,90
6.3018,1,9,11783,90
6.3018,2,10,12656,90
6.3018,3,13,12705,90
6.3018,4,14,12878,90
6.3018,5,14,12579,90
6.3018,6,13,11678,90
6.3018,7,13,10517,90
6.3018,8,14,12392,90
6.3018,9,10,10460,90
6.3018,10,9,11251,90
6.3018,11,15,11953,90
6.3018,12,12,11952,90
6.3018,13,8,12962,90
6.3018,14,13,12751,90
6.3018,15,13,10584,90
6.3018,16,11,10612,90
6.3018,17,8,12882,90
6.3018,18,14,12669,90
6.3018,19,9,8761,90
6.35422,0,9,11064,90
6.35422,1,11,11668,90
6.35422,2,12,12602,90
6.35422,3,15,12694,90
6.35422,4,15,12873,90
6.35422,5,15,12555,90
6.35422,6,14,11634,90
6.35422,7,14,10455,90
6.35422,8,15,12406,90
6.35422,9,12,10264,90
6.35422,10,11,11085,90
6.35422,11,17,11929,90
6.35422,12,14,11900,90
6.35422,13,9,12916,90
6.35422,14,15,12728,90
6.35422,15,14,10448,90
6.35422,16,13,10437,90
6.35422,17,10,12787,90
6.35422,18,15,12636,90
6.35422,19,11,8404,90
6.40611,0,11,10893,90
6.40611,1,13,11575,90
6.40611,2,14,12567,90
6.40611,3,17,12691,90
6.40611,4,17,12872,90
6.40611,5,17,12542,90
6.40611,6,16,11605,90
6.40611,7,16,10410,90
6.40611,8,17,12425,90
6.40611,9,14,10096,90
6.40611,10,13,10944,90
6.40611,11,19,11917,90
6.40611,12,16,11864,90
6.40611,13,11,12885,90
6.40611,14,17,12715,90
6.40611,15,16,10336,90
6.40611,16,15,10286,90
6.40611,17,11,12719,90
6.40611,18,17,12616,90
6.40611,19,12,8051,90
6.45781,0,13,10748,90
6.45781,1,14,11503,90
6.45781,2,15,12545,90
6.45781,3,18,12694,90
6.45781,4,19,12875,90
6.45781,5,19,12537,90
6.45781,6,18,11591,90
6.45781,7,18,10382,90
6.45781,8,19,12448,90
6.45781,9,15,9952,90
6.45781,10,14,10827,90
6.45781,11,20,11915,90
6.45781,12,18,11843,90
6.45781,13,12,12866,90
6.45781,14,18,12709,90
6.45781,15,18,10244,90
6.45781,16,16,10159,90
6.45781,17,13,12673,90
6.45781,18,19,12605,90
6.45781,19,14,7706,90
6.5094,0,14,10627,90
6.5094,1,16,11449,90
6.5094,2,17,12531,90
6.5094,3,20,12700,90
6.5094,4,20,12880,90
6.5094,5,21,12539,90
6.5094,6,19,11588,90
6.5094,7,19,10369,90
6.5094,8,20,12476,90
6.5094,9,17,9831,90
6.5094,10,16,10731,90
6.5094,11,22,11923,90
6.5094,12,19,11835,90
6.5094,13,14,12857,90
6.5094,14,20,12709,90
6.5094,15,19,10173,90
6.5094,16,18,10052,90
6.5094,17,15,12643,90
6.5094,18,21,12602,90
6.5094,19,16,7403,90
6.56123,0,16,10530,90
6.56123,1,18,11411,90
6.56123,2,19,12527,90
6.56123,3,22,12705,90
6.56123,4,22,12888,90
6.56123,5,22,12545,90
6.56123,6,21,11597,90
6.56123,7,21,10371,90
6.56123,8,22,12506,90
6.56123,9,18,9731,90
6.56123,10,18,10657,90
6.56123,11,24,11938,90
6.56123,12,21,11834,90
6.56123,13,15,12855,90
6.56123,14,22,12713,90
6.56123,15,21,10120,90
6.56123,16,20,9966,90
6.56123,17,16,12626,90
6.56123,18,22,12604,90
6.56123,19,17,7147,90
6.61368,0,18,10453,90
6.61368,1,20,11388,90
6.61368,2,21,12531,90
6.61368,3,23,12716,90
6.61368,4,24,12897,90
6.61368,5,24,12555,90
6.61368,6,23,11616,90
6.61368,7,23,10386,90
6.61368,8,23,12536,90
6.61368,9,20,9652,90
6.61368,10,19,10602,90
6.61368,11,26,11960,90
6.61368,12,23,11847,90
6.61368,13,17,12858,90
6.61368,14,24,12722,90
6.61368,15,23,10085,90
6.61368,16,21,9898,90
6.61368,17,18,12619,90
6.61368,18,24,12610,90
6.61368,19,19,6920,90
6.66567,0,20,10396,90
6.66567,1,21,11381,90
6.66567,2,22,12539,90
6.66567,3,25,12728,90
6.66567,4,26,12906,90
6.66567,5,26,12568,90
6.66567,6,25,11645,90
6.66567,7,24,10415,90
6.66567,8,25,12566,90
6.66567,9,22,9594,90
6.66567,10,21,10566,90
6.66567,11,27,11987,90
6.66567,12,24,11867,90
6.66567,13,19,12865,90
6.66567,14,25,12732,90
6.66567,15,25,10069,90
6.66567,16,23,9849,90
6.66567,17,19,12620,90
6.66567,18,26,12619,90
6.66567,19,21,6711,90
6.71743,0,21,10358,90
6.71743,1,23,11386,90
6.71743,2,24,12551,90
6.71743,3,27,12741,90
6.71743,4,27,12916,90
6.71743,5,28,12582,90
6.71743,6,26,11681,90
6.71743,7,26,10457,90
6.71743,8,27,12594,90
6.71743,9,23,9557,90
6.71743,10,23,10548,90
6.71743,11,29,12018,90
6.71743,12,26,11894,90
6.71743,13,20,12876,90
6.71743,14,27,12742,90
6.71743,15,26,10070,90
6.71743,16,25,9818,90
6.71743,17,21,12628,90
6.71743,18,28,12630,90
6.71743,19,23,6531,90
6.77005,0,23,10337,90
6.77005,1,25,11404,90
6.77005,2,26,12566,90
6.77005,3,29,12754,90
6.77005,4,29,12927,90
6.77005,5,29,12598,90
6.77005,6,28,11725,90
6.77005,7,28,10511,90
6.77005,8,28,12623,90
6.77005,9,25,9539,90
6.77005,10,25,10546,90
6.77005,11,31,12053,90
6.77005,12,28,11928,90
6.77005,13,22,12888,90
6.77005,14,29,12754,90
6.77005,15,28,10087,90
6.77005,16,27,9803,90
6.77005,17,23,12640,90
6.77005,18,29,12644,90
6.77005,19,24,6386,90
6.82318,0,25,10334,90
6.82318,1,27,11435,90
6.82318,2,27,12582,90
6.82318,3,30,12768,90
6.82318,4,31,12937,90
6.82318,5,31,12615,90
6.82318,6,30,11776,90
6.82318,7,30,10576,90
6.82318,8,30,12650,90
6.82318,9,27,9541,90
6.82318,10,26,10559,90
6.82318,11,33,12092,90
6.82318,12,30,11966,90
6.82318,13,23,12903,90
6.82318,14,31,12767,90
6.82318,15,30,10120,90
6.82318,16,28,9806,90
6.82318,17,24,12656,90
6.82318,18,31,12658,90
6.82318,19,26,6264,90
6.87623,0,26,10348,90
6.87623,1,28,11476,90
6.87623,2,29,12600,90
6.87623,3,32,12782,90
6.87623,4,33,12948,90
6.87623,5,33,12632,90
6.87623,6,32,11830,90
6.87623,7,31,10650,90
6.87623,8,32,12677,90
6.87623,9,28,9564,90
6.87623,10,28,10587,90
6.87623,11,34,12133,90
6.87623,12,32,12007,90
6.87623,13,25,12918,90
6.87623,14,32,12781,90
6.87623,15,32,10168,90
6.87623,16,30,9826,90
6.87623,17,26,12675,90
6.87623,18,33,12673,90
6.87623,19,28,6157,90
6.92879,0,28,10377,90
6.92879,1,30,11527,90
6.92879,2,31,12618,90
6.92879,3,34,12795,90
6.92879,4,34,12958,90
6.92879,5,35,12650,90
6.92879,6,33,11885,90
6.92879,7,33,10730,90
6.92879,8,33,12702,90
6.92879,9,30,9604,90
6.92879,10,30,10628,90
6.92879,11,36,11752,90
6.92879,12,33,12051,90
6.92879,13,27,12935,90
6.92879,14,34,12795,90
6.92879,15,33,10231,90
6.92879,16,32,9862,90
6.92879,17,28,12695,90
6.92879,18,35,12688,90
6.92879,19,30,6071,90
6.98153,0,30,10421,90
6.98153,1,32,11585,90
6.98153,2,33,12637,90
6.98153,3,36,12809,90
6.98153,4,36,12582,90
6.98153,5,36,12265,90
6.98153,6,35,11942,90
6.98153,7,35,10817,90
6.98153,8,35,12727,90
6.98153,9,32,9661,90
6.98153,10,32,10680,90
6.98153,11,38,10683,90
6.98153,12,35,12098,90
6.98153,13,28,12952,90
6.98153,14,36,12613,90
6.98153,15,35,10306,90
6.98153,16,34,9914,90
6.98153,17,29,12716,90
6.98153,18,36,12303,90
6.98153,19,31,6006,90
7.03467,0,32,10480,90
7.03467,1,34,11650,90
7.03467,2,35,12657,90
7.03467,3,38,11802,90
7.03467,4,38,11555,90
7.03467,5,38,11218,90
7.03467,6,37,11344,90
7.03467,7,37,10216,90
7.03467,8,37,12158,90
7.03467,9,33,9737,90
7.03467,10,34,10743,90
7.03467,11,40,9586,90
7.03467,12,37,11278,90
7.03467,13,30,12968,90
7.03467,14,38,11567,90
7.03467,15,37,9464,90
7.03467,16,35,9982,90
7.03467,17,31,12738,90
7.03467,18,38,11255,90
7.03467,19,33,5967,90
7.08733,0,34,10551,90
7.08733,1,35,11721,90
7.08733,2,36,12279,90
7.08733,3,39,10752,90
7.08733,4,40,10498,90
7.08733,5,40,10148,90
7.08733,6,39,10278,90
7.08733,7,39,9145,90
7.08733,8,39,11151,90
7.08733,9,35,9830,90
7.08733,10,35,10815,90
7.08733,11,42,8496,90
7.08733,12,39,10213,90
7.08733,13,31,12985,90
7.08733,14,40,10491,90
7.08733,15,39,8389,90
7.08733,16,37,9146,90
7.08733,17,33,12762,90
7.08733,18,40,10183,90
7.08733,19,35,5937,90
7.13999,0,35,10632,90
7.13999,1,37,10909,90
7.13999,2,38,11249,90
7.13999,3,41,9679,90
7.13999,4,42,9426,90
7.13999,5,42,9068,90
7.13999,6,40,9200,90
7.13999,7,40,8071,90
7.13999,8,40,10113,90
7.13999,9,37,9252,90
7.13999,10,37,9985,90
7.13999,11,43,7404,90
7.13999,12,41,9137,90
7.13999,13,33,12986,90
7.13999,14,41,9400,90
7.13999,15,41,7312,90
7.13999,16,39,8070,90
7.13999,17,35,12784,90
7.13999,18,42,9102,90
7.13999,19,37,5928,90
7.19309,0,37,9792,90
7.19309,1,39,9835,90
7.19309,2,40,10176,90
7.19309,3,43,8594,90
7.19309,4,43,8342,90
7.19309,5,44,7978,90
7.19309,6,42,8111,90
7.19309,7,42,6986,90
7.19309,8,42,9059,90
7.19309,9,39,8197,90
7.19309,10,39,8906,90
7.19309,11,45,6275,90
7.19309,12,42,8051,90
7.19309,13,35,12991,90
7.19309,14,43,8296,90
7.19309,15,42,6215,90
7.19309,16,41,6983,90
7.19309,17,36,12415,90
7.19309,18,44,8009,90
7.19309,19,38,5964,90
7.24721,0,39,8688,90
7.24721,1,41,8735,90
7.24721,2,42,9073,90
7.24721,3,45,7486,90
7.24721,4,45,7234,90
7.24721,5,46,6860,90
7.24721,6,44,7000,90
7.24721,7,44,5834,90
7.24721,8,44,7983,90
7.24721,9,40,7121,90
7.24721,10,41,7805,90
7.24721,11,46,5705,90
7.24721,12,44,6941,90
7.24721,13,36,12613,90
7.24721,14,45,7169,90
7.24721,15,43,5416,90
7.24721,16,43,5844,90
7.24721,17,38,11386,90
7.24721,18,46,6889,90
7.24721,19,40,6024,90
7.30109,0,41,7587,90
7.30109,1,43,7638,90
7.30109,2,44,7972,90
7.30109,3,47,6347,90
7.30109,4,47,6071,90
7.30109,5,47,5889,90
7.30109,6,46,5850,90
7.30109,7,44,5479,90
7.30109,8,45,6906,90
7.30109,9,42,6036,90
7.30109,10,43,6705,90
7.30109,11,45,5605,90
7.30109,12,46,5823,90
7.30109,13,38,11614,90
7.30109,14,47,5993,90
7.30109,15,42,5313,90
7.30109,16,43,5355,90
7.30109,17,40,10327,90
7.30109,18,47,5903,90
7.30109,19,42,6099,90
7.35588,0,43,6463,90
7.35588,1,45,6513,90
7.35588,2,45,6846,90
7.35588,3,47,5846,90
7.35588,4,47,5840,90
7.35588,5,46,5770,90
7.35588,6,45,5671,90
7.35588,7,43,5377,90
7.35588,8,47,5900,90
7.35588,9,43,5338,90
7.35588,10,44,5593,90
7.35588,11,44,5503,90
7.35588,12,45,5669,90
7.35588,13,40,10557,90
7.35588,14,46,5789,90
7.35588,15,42,5211,90
7.35588,16,42,5254,90
7.35588,17,41,9237,90
7.35588,18,46,5781,90
7.35588,19,45,6177,90
7.41037,0,44,5510,90
7.41037,1,45,5699,90
7.41037,2,47,5874,90
7.41037,3,46,5744,90
7.41037,4,46,5738,90
7.41037,5,45,5668,90
7.41037,6,44,5570,90
7.41037,7,42,5277,90
7.41037,8,46,5775,90
7.41037,9,42,5239,90
7.41037,10,43,5448,90
7.41037,11,43,5402,90
7.41037,12,44,5567,90
7.41037,13,42,9488,90
7.41037,14,45,5688,90
7.41037,15,41,5112,90
7.41037,16,41,5153,90
7.41037,17,43,8150,90
7.41037,18,45,5679,90
7.41037,19,47,6234,90
7.46491,0,43,5396,90
7.46491,1,45,5593,90
7.46491,2,46,5759,90
7.46491,3,45,5642,90
7.46491,4,45,5636,90
7.46491,5,44,5567,90
7.46491,6,44,5469,90
7.46491,7,41,5177,90
7.46491,8,45,5674,90
7.46491,9,41,5140,90
7.46491,10,43,5346,90
7.46491,11,42,5301,90
7.46491,12,44,5466,90
7.46491,13,43,8416,90
7.46491,14,45,5587,90
7.46491,15,40,5011,90
7.46491,16,40,5053,90
7.46491,17,45,7060,90
7.46491,18,44,5578,90
7.46491,19,49,6359,90
7.51868,0,42,5297,90
7.51868,1,44,5495,90
7.51868,2,45,5658,90
7.51868,3,44,5543,90
7.51868,4,44,5537,90
7.51868,5,44,5467,90
7.51868,6,43,5370,90
7.51868,7,40,5079,90
7.51868,8,44,5576,90
7.51868,9,40,5044,90
7.51868,10,42,5248,90
7.51868,11,41,5203,90
7.51868,12,43,5367,90
7.51868,13,45,7357,90
7.51868,14,44,5488,90
7.51868,15,39,4989,90
7.51868,16,39,4959,90
7.51868,17,47,5944,90
7.51868,18,44,5479,90
7.51868,19,51,6618,91
7.57251,0,41,5199,90
7.57251,1,43,5395,90
7.57251,2,44,5558,90
7.57251,3,43,5443,90
7.57251,4,43,5437,90
7.57251,5,43,5368,90
7.57251,6,42,5271,90
7.57251,7,40,5137,90
7.57251,8,44,5477,90
7.57251,9,39,4947,90
7.57251,10,41,5148,90
7.57251,11,41,5109,90
7.57251,12,42,5268,90
7.57251,13,47,6253,90
7.57251,14,43,5389,90
7.57251,15,42,5454,90
7.57251,16,41,5472,90
7.57251,17,46,5769,90
7.57251,18,43,5380,90
7.57251,19,53,6893,91
7.62655,0,41,5100,90
7.62655,1,42,5296,90
7.62655,2,44,5458,90
7.62655,3,43,5344,90
7.62655,4,43,5337,90
7.62655,5,42,5268,90
7.62655,6,41,5172,90
7.62655,7,42,5550,90
7.62655,8,43,5378,90
7.62655,9,40,5443,90
7.62655,10,40,5049,90
7.62655,11,42,5608,90
7.62655,12,41,5168,90
7.62655,13,47,5843,90
7.62655,14,42,5289,90
7.62655,15,44,5708,90
7.62655,16,44,5711,90
7.62655,17,45,5670,90
7.62655,18,42,5280,90
7.62655,19,55,7174,91
7.6799,0,40,5009,90
7.6799,1,41,5198,90
7.6799,2,43,5359,90
7.6799,3,42,5246,90
7.6799,4,42,5241,90
7.6799,5,42,5548,90
7.6799,6,42,5566,90
7.6799,7,45,5787,90
7.6799,8,42,5282,90
7.6799,9,43,5743,90
7.6799,10,41,5466,90
7.6799,11,45,5907,90
7.6799,12,41,5425,90
7.6799,13,46,5747,90
7.6799,14,41,5230,90
7.6799,15,46,6015,90
7.6799,16,46,6022,90
7.6799,17,44,5573,90
7.6799,18,42,5579,90
7.6799,19,57,7451,91
7.73362,0,42,5516,90
7.73362,1,41,5118,90
7.73362,2,42,5260,90
7.73362,3,43,5837,90
7.73362,4,43,5806,90
7.73362,5,44,5925,90
7.73362,6,44,5890,90
7.73362,7,47,6104,90
7.73362,8,41,5186,90
7.73362,9,45,6050,90
7.73362,10,43,5863,90
7.73362,11,47,6220,90
7.73362,12,43,5817,90
7.73362,13,45,5648,90
7.73362,14,44,5676,90
7.73362,15,49,6296,90
7.73362,16,48,6328,90
7.73362,17,44,5474,90
7.73362,18,44,5945,90
7.73362,19,60,7737,91
7.78782,0,44,5779,90
7.78782,1,43,5591,90
7.78782,2,42,5558,90
7.78782,3,45,6174,90
7.78782,4,46,6143,90
7.78782,5,47,6199,90
7.78782,6,46,6151,90
7.78782,7,49,6385,90
7.78782,8,43,5663,90
7.78782,9,47,6365,90
7.78782,10,45,6144,90
7.78782,11,50,6545,90
7.78782,12,46,6077,90
7.78782,13,44,5550,90
7.78782,14,46,5940,90
7.78782,15,51,6584,90
7.78782,16,51,6646,90
7.78782,17,43,5376,90
7.78782,18,47,6218,90
7.78782,19,62,8024,91
7.84152,0,46,6098,90
7.84152,1,45,5930,90
7.84152,2,44,5925,90
7.84152,3,48,6470,90
7.84152,4,48,6555,90
7.84152,5,49,6494,90
7.84152,6,48,6449,90
7.84152,7,52,6676,90
7.84152,8,45,5965,90
7.84152,9,49,6652,90
7.84152,10,48,6475,90
7.84152,11,52,6873,90
7.84152,12,48,6401,90
7.84152,13,43,5453,90
7.84152,14,48,6260,90
7.84152,15,53,6890,90
7.84152,16,53,6959,90
7.84152,17,42,5278,90
7.84152,18,49,6495,90
7.84152,19,64,8307,91
7.89645,0,49,6387,90
7.89645,1,47,6219,90
7.89645,2,47,6184,90
7.89645,3,50,6796,90
7.89645,4,50,6852,90
7.89645,5,51,6706,90
7.89645,6,51,6714,90
7.89645,7,54,6973,90
7.89645,8,47,6267,90
7.89645,9,51,6942,90
7.89645,10,50,6780,90
7.89645,11,54,7217,90
7.89645,12,50,6666,90
7.89645,13,43,5355,90
7.89645,14,51,6569,90
7.89645,15,56,7187,90
7.89645,16,55,7255,90
7.89645,17,41,5181,90
7.89645,18,51,6709,90
7.89645,19,66,8593,91
7.95051,0,51,6724,90
7.95051,1,50,6552,90
7.95051,2,49,6451,90
7.95051,3,52,7152,90
7.95051,4,53,7213,90
7.95051,5,54,6941,90
7.95051,6,53,6947,90
7.95051,7,56,7296,90
7.95051,8,49,6610,90
7.95051,9,54,7197,90
7.95051,10,53,7072,90
7.95051,11,57,7614,90
7.95051,12,53,6901,90
7.95051,13,42,5257,90
7.95051,14,53,6941,90
7.95051,15,58,7512,90
7.95051,16,58,7595,90
7.95051,17,43,5803,90
7.95051,18,54,6957,90
7.95051,19,69,8880,91
8.00463,0,53,7046,90
8.00463,1,52,6887,90
8.00463,2,51,6669,90
8.00463,3,55,7281,90
8.00463,4,55,7414,90
8.00463,5,56,7277,90
8.00463,6,55,7187,90
8.00463,7,59,7693,90
8.00463,8,52,7007,90
8.00463,9,56,7436,90
8.00463,10,55,7339,90
8.00463,11,59,7967,90
8.00463,12,55,7142,90
8.00463,13,42,5835,90
8.00463,14,56,7363,90
8.00463,15,60,7904,90
8.00463,16,60,7979,90
8.00463,17,45,6146,90
8.00463,18,56,7294,90
8.00463,19,71,9161,91